200
162
103 1
27 1
169 1
104 1
164 1
173 1
163 1
60 1
112 1
7 1
13 1
14 1
17 1
87 1
91 1
26 1
95 1
42 1
20 1
48 1
162 1
39 1
165 1
61 1
115 1
32 1
110 1
40 1
12 1
124 1
68 1
82 1
130 1
133 1
138 1
58 1
122 1
143 1
33 1
72 1
76 1
142 1
139 1
137 1
66 1
22 1
55 1
161 1
6 1
128 1
15 2
138 2
22 2
50 2
34 2
119 2
91 2
159 2
176 2
77 2
37 2
81 2
158 2
52 2
90 2
141 2
146 2
21 2
40 2
61 2
94 2
134 2
148 2
46 2
111 2
136 3
138 3
16 3
115 3
97 3
44 3
123 3
90 3
22 3
142 3
82 3
156 3
177 177
73 146
67 88
42 68
150 68
150 146
164 62
73 177
150 177
87 29
87 88
67 62
24 73
62 32
179 180
180 181
181 182
182 183
183 184
184 185
185 186
186 187
187 188
188 189
189 190
190 191
191 192
192 193
193 194
194 195
195 196
196 197
197 198
198 199
199 179
199 198
198 197
197 196
196 195
195 194
194 193
193 192
192 191
191 190
190 189
189 188
188 187
187 186
186 185
185 184
184 183
183 182
182 181
181 180
179 200
180 200
181 200
182 200
183 200
184 200
185 200
186 200
187 200
188 200
189 200
190 200
191 200
192 200
193 200
194 200
195 200
196 200
197 200
198 200
199 200
