300
242
73 1
219 1
225 1
58 1
173 1
131 1
148 1
102 1
137 1
162 1
10 1
69 1
37 1
204 1
240 1
42 1
197 1
164 1
35 1
44 1
174 1
175 1
63 1
20 1
36 1
52 1
78 1
45 1
226 1
106 1
261 1
259 1
119 1
151 1
40 1
77 1
251 1
104 1
157 1
123 1
117 1
71 1
32 1
33 1
212 1
150 1
134 1
161 1
170 1
196 1
91 1
256 1
30 1
7 1
120 1
116 1
87 1
229 1
89 1
257 1
93 1
177 1
163 1
107 1
60 1
101 1
187 1
181 1
260 1
203 1
86 1
128 1
34 1
29 1
100 1
247 2
86 2
73 2
96 2
88 2
49 2
107 2
121 2
85 2
69 2
155 2
15 2
232 2
148 2
237 2
144 2
254 2
114 2
258 2
87 2
175 2
91 2
187 2
74 2
109 2
222 2
172 2
250 2
165 2
27 2
221 2
8 2
207 2
60 2
163 2
54 2
253 2
204 3
207 3
231 3
46 3
255 3
242 3
158 3
241 3
172 3
121 3
75 3
35 3
254 3
76 3
100 3
137 3
129 3
179 3
240 133
192 235
58 223
114 247
223 133
129 125
240 125
109 126
114 129
240 247
133 125
129 153
114 126
114 195
223 195
109 247
223 247
169 235
223 114
114 265
169 236
269 270
270 271
271 272
272 273
273 274
274 275
275 276
276 277
277 278
278 279
279 280
280 281
281 282
282 283
283 284
284 285
285 286
286 287
287 288
288 289
289 290
290 291
291 292
292 293
293 294
294 295
295 296
296 297
297 298
298 299
299 269
299 298
298 297
297 296
296 295
295 294
294 293
293 292
292 291
291 290
290 289
289 288
288 287
287 286
286 285
285 284
284 283
283 282
282 281
281 280
280 279
279 278
278 277
277 276
276 275
275 274
274 273
273 272
272 271
271 270
269 300
270 300
271 300
272 300
273 300
274 300
275 300
276 300
277 300
278 300
279 300
280 300
281 300
282 300
283 300
284 300
285 300
286 300
287 300
288 300
289 300
290 300
291 300
292 300
293 300
294 300
295 300
296 300
297 300
298 300
299 300
