400
322
230 1
340 1
225 1
64 1
345 1
213 1
246 1
74 1
210 1
7 1
151 1
330 1
304 1
61 1
222 1
171 1
134 1
272 1
118 1
105 1
201 1
35 1
289 1
48 1
301 1
286 1
133 1
208 1
255 1
121 1
25 1
248 1
262 1
78 1
128 1
9 1
207 1
140 1
143 1
165 1
188 1
94 1
346 1
141 1
354 1
186 1
4 1
164 1
71 1
357 1
310 1
59 1
50 1
135 1
124 1
184 1
157 1
241 1
70 1
339 1
235 1
138 1
245 1
283 1
322 1
333 1
56 1
192 1
227 1
350 1
18 1
104 1
266 1
33 1
107 1
194 1
232 1
159 1
77 1
199 1
106 1
200 1
273 1
256 1
337 1
68 1
237 1
76 1
69 1
202 1
8 1
276 1
335 1
287 1
204 1
31 1
5 1
87 1
116 1
154 1
265 2
243 2
171 2
107 2
254 2
273 2
317 2
309 2
200 2
172 2
174 2
138 2
40 2
261 2
111 2
211 2
154 2
205 2
348 2
202 2
232 2
324 2
50 2
219 2
17 2
296 2
279 2
48 2
253 2
224 2
331 2
330 2
199 2
249 2
294 2
354 2
208 2
60 2
262 2
318 2
240 2
35 2
260 2
307 2
124 2
356 2
196 2
189 2
251 2
327 2
225 3
334 3
187 3
305 3
52 3
188 3
120 3
15 3
201 3
283 3
73 3
45 3
67 3
113 3
318 3
122 3
276 3
250 3
7 3
127 3
299 3
101 3
102 3
164 3
4 3
284 38
284 300
322 286
158 288
322 171
158 300
93 288
214 284
284 145
150 300
283 288
322 145
38 285
38 288
158 286
286 13
214 300
289 284
289 294
145 13
294 288
283 145
81 286
300 171
322 13
81 285
359 360
360 361
361 362
362 363
363 364
364 365
365 366
366 367
367 368
368 369
369 370
370 371
371 372
372 373
373 374
374 375
375 376
376 377
377 378
378 379
379 380
380 381
381 382
382 383
383 384
384 385
385 386
386 387
387 388
388 389
389 390
390 391
391 392
392 393
393 394
394 395
395 396
396 397
397 398
398 399
399 359
399 398
398 397
397 396
396 395
395 394
394 393
393 392
392 391
391 390
390 389
389 388
388 387
387 386
386 385
385 384
384 383
383 382
382 381
381 380
380 379
379 378
378 377
377 376
376 375
375 374
374 373
373 372
372 371
371 370
370 369
369 368
368 367
367 366
366 365
365 364
364 363
363 362
362 361
361 360
359 400
360 400
361 400
362 400
363 400
364 400
365 400
366 400
367 400
368 400
369 400
370 400
371 400
372 400
373 400
374 400
375 400
376 400
377 400
378 400
379 400
380 400
381 400
382 400
383 400
384 400
385 400
386 400
387 400
388 400
389 400
390 400
391 400
392 400
393 400
394 400
395 400
396 400
397 400
398 400
399 400
