500
402
173 1
341 1
80 1
291 1
56 1
379 1
130 1
162 1
396 1
408 1
338 1
425 1
428 1
398 1
165 1
418 1
84 1
222 1
223 1
98 1
301 1
17 1
440 1
193 1
437 1
292 1
420 1
178 1
207 1
205 1
209 1
82 1
278 1
365 1
127 1
290 1
399 1
65 1
350 1
107 1
277 1
119 1
253 1
325 1
252 1
343 1
53 1
159 1
274 1
332 1
361 1
168 1
377 1
324 1
210 1
63 1
184 1
248 1
381 1
36 1
369 1
200 1
311 1
10 1
412 1
326 1
390 1
348 1
94 1
424 1
57 1
16 1
114 1
20 1
139 1
11 1
176 1
249 1
240 1
309 1
363 1
69 1
359 1
144 1
211 1
189 1
42 1
344 1
304 1
356 1
431 1
179 1
217 1
302 1
315 1
148 1
393 1
93 1
347 1
362 1
297 1
103 1
230 1
243 1
41 1
239 1
129 1
5 1
134 1
283 1
52 1
219 1
287 1
427 1
74 1
245 1
48 1
397 1
160 1
183 1
265 1
104 1
400 1
32 1
402 1
208 2
407 2
166 2
430 2
405 2
338 2
53 2
163 2
410 2
184 2
203 2
204 2
381 2
77 2
331 2
128 2
31 2
402 2
369 2
435 2
161 2
246 2
267 2
179 2
10 2
127 2
106 2
93 2
440 2
96 2
15 2
44 2
152 2
176 2
397 2
66 2
47 2
207 2
315 2
310 2
45 2
370 2
259 2
445 2
392 2
20 2
153 2
67 2
429 2
48 2
21 2
160 2
68 2
281 2
87 2
339 2
4 2
412 2
364 2
254 2
278 2
433 2
57 3
201 3
207 3
247 3
191 3
119 3
391 3
306 3
320 3
345 3
64 3
324 3
45 3
37 3
184 3
194 3
298 3
250 3
322 3
238 3
78 3
126 3
20 3
253 3
398 3
256 3
358 3
6 3
388 3
214 3
129 3
358 159
265 358
322 265
414 350
209 159
413 415
415 159
358 350
358 413
209 336
265 331
322 209
331 414
255 289
322 62
265 350
256 15
414 336
358 12
265 15
322 331
265 62
62 389
209 413
358 414
331 413
265 12
322 414
209 389
159 336
256 389
265 414
289 389
449 450
450 451
451 452
452 453
453 454
454 455
455 456
456 457
457 458
458 459
459 460
460 461
461 462
462 463
463 464
464 465
465 466
466 467
467 468
468 469
469 470
470 471
471 472
472 473
473 474
474 475
475 476
476 477
477 478
478 479
479 480
480 481
481 482
482 483
483 484
484 485
485 486
486 487
487 488
488 489
489 490
490 491
491 492
492 493
493 494
494 495
495 496
496 497
497 498
498 499
499 449
499 498
498 497
497 496
496 495
495 494
494 493
493 492
492 491
491 490
490 489
489 488
488 487
487 486
486 485
485 484
484 483
483 482
482 481
481 480
480 479
479 478
478 477
477 476
476 475
475 474
474 473
473 472
472 471
471 470
470 469
469 468
468 467
467 466
466 465
465 464
464 463
463 462
462 461
461 460
460 459
459 458
458 457
457 456
456 455
455 454
454 453
453 452
452 451
451 450
449 500
450 500
451 500
452 500
453 500
454 500
455 500
456 500
457 500
458 500
459 500
460 500
461 500
462 500
463 500
464 500
465 500
466 500
467 500
468 500
469 500
470 500
471 500
472 500
473 500
474 500
475 500
476 500
477 500
478 500
479 500
480 500
481 500
482 500
483 500
484 500
485 500
486 500
487 500
488 500
489 500
490 500
491 500
492 500
493 500
494 500
495 500
496 500
497 500
498 500
499 500
