600
482
208 1
188 1
262 1
470 1
231 1
480 1
283 1
353 1
105 1
217 1
100 1
163 1
103 1
379 1
45 1
198 1
253 1
76 1
332 1
368 1
58 1
96 1
292 1
383 1
47 1
124 1
180 1
284 1
384 1
29 1
73 1
86 1
244 1
439 1
176 1
132 1
488 1
506 1
189 1
5 1
500 1
233 1
229 1
32 1
375 1
417 1
48 1
405 1
377 1
193 1
404 1
11 1
317 1
220 1
288 1
235 1
6 1
326 1
446 1
179 1
431 1
125 1
537 1
433 1
522 1
514 1
264 1
142 1
245 1
72 1
256 1
448 1
437 1
248 1
225 1
323 1
70 1
450 1
203 1
385 1
523 1
136 1
74 1
8 1
402 1
329 1
465 1
505 1
436 1
259 1
10 1
126 1
290 1
351 1
313 1
502 1
140 1
304 1
419 1
476 1
190 1
435 1
310 1
144 1
362 1
391 1
427 1
372 1
39 1
205 1
339 1
536 1
409 1
481 1
211 1
143 1
162 1
46 1
443 1
101 1
374 1
117 1
343 1
191 1
471 1
239 1
390 1
204 1
444 1
27 1
263 1
361 1
521 1
459 1
415 1
428 1
466 1
92 1
330 1
49 1
183 1
224 1
243 1
464 1
328 1
321 1
169 1
344 1
311 1
158 1
500 2
388 2
528 2
337 2
256 2
327 2
154 2
236 2
75 2
259 2
57 2
307 2
454 2
239 2
174 2
474 2
529 2
314 2
138 2
111 2
112 2
158 2
448 2
85 2
156 2
325 2
468 2
70 2
41 2
284 2
29 2
403 2
473 2
430 2
214 2
502 2
263 2
291 2
390 2
238 2
480 2
49 2
55 2
89 2
157 2
30 2
294 2
417 2
46 2
234 2
84 2
76 2
283 2
395 2
101 2
27 2
179 2
274 2
350 2
441 2
115 2
300 2
304 2
285 2
258 2
472 2
16 2
132 2
229 2
461 2
59 2
198 2
427 2
167 2
509 2
415 3
423 3
169 3
527 3
508 3
329 3
293 3
487 3
191 3
28 3
168 3
439 3
347 3
435 3
225 3
236 3
475 3
529 3
20 3
245 3
499 3
300 3
152 3
350 3
275 3
205 3
319 3
62 3
220 3
241 3
518 3
355 3
219 3
454 3
471 3
41 3
280 3
117 38
172 51
148 111
184 176
111 418
38 51
345 38
63 101
38 418
112 381
381 418
150 205
184 111
38 205
63 38
357 411
150 381
38 38
176 101
172 418
411 101
172 205
357 176
411 176
357 51
111 101
51 205
38 381
176 205
411 381
63 51
51 418
184 112
345 418
184 172
357 101
411 111
148 117
112 111
539 540
540 541
541 542
542 543
543 544
544 545
545 546
546 547
547 548
548 549
549 550
550 551
551 552
552 553
553 554
554 555
555 556
556 557
557 558
558 559
559 560
560 561
561 562
562 563
563 564
564 565
565 566
566 567
567 568
568 569
569 570
570 571
571 572
572 573
573 574
574 575
575 576
576 577
577 578
578 579
579 580
580 581
581 582
582 583
583 584
584 585
585 586
586 587
587 588
588 589
589 590
590 591
591 592
592 593
593 594
594 595
595 596
596 597
597 598
598 599
599 539
599 598
598 597
597 596
596 595
595 594
594 593
593 592
592 591
591 590
590 589
589 588
588 587
587 586
586 585
585 584
584 583
583 582
582 581
581 580
580 579
579 578
578 577
577 576
576 575
575 574
574 573
573 572
572 571
571 570
570 569
569 568
568 567
567 566
566 565
565 564
564 563
563 562
562 561
561 560
560 559
559 558
558 557
557 556
556 555
555 554
554 553
553 552
552 551
551 550
550 549
549 548
548 547
547 546
546 545
545 544
544 543
543 542
542 541
541 540
539 600
540 600
541 600
542 600
543 600
544 600
545 600
546 600
547 600
548 600
549 600
550 600
551 600
552 600
553 600
554 600
555 600
556 600
557 600
558 600
559 600
560 600
561 600
562 600
563 600
564 600
565 600
566 600
567 600
568 600
569 600
570 600
571 600
572 600
573 600
574 600
575 600
576 600
577 600
578 600
579 600
580 600
581 600
582 600
583 600
584 600
585 600
586 600
587 600
588 600
589 600
590 600
591 600
592 600
593 600
594 600
595 600
596 600
597 600
598 600
599 600
