700
562
328 1
193 1
458 1
200 1
488 1
560 1
392 1
178 1
429 1
345 1
316 1
540 1
624 1
41 1
135 1
160 1
291 1
626 1
343 1
548 1
71 1
493 1
281 1
95 1
105 1
520 1
139 1
529 1
149 1
18 1
367 1
221 1
140 1
430 1
93 1
362 1
503 1
386 1
138 1
533 1
172 1
435 1
182 1
225 1
573 1
506 1
319 1
222 1
192 1
301 1
244 1
379 1
451 1
203 1
569 1
33 1
442 1
19 1
20 1
405 1
534 1
349 1
411 1
598 1
507 1
547 1
170 1
564 1
513 1
168 1
575 1
173 1
360 1
535 1
365 1
501 1
595 1
53 1
522 1
457 1
289 1
450 1
611 1
77 1
347 1
466 1
122 1
310 1
612 1
257 1
314 1
38 1
459 1
335 1
64 1
485 1
68 1
114 1
358 1
342 1
416 1
472 1
439 1
152 1
133 1
406 1
359 1
142 1
288 1
537 1
261 1
280 1
7 1
162 1
499 1
147 1
602 1
395 1
80 1
272 1
247 1
230 1
55 1
43 1
542 1
181 1
498 1
348 1
245 1
29 1
25 1
336 1
275 1
300 1
159 1
191 1
512 1
297 1
157 1
27 1
75 1
208 1
176 1
574 1
136 1
556 1
213 1
541 1
242 1
576 1
613 1
578 1
378 1
303 1
164 1
510 1
588 1
202 1
627 1
101 1
166 1
572 1
403 1
305 1
518 1
194 1
65 1
92 1
549 1
109 1
563 1
584 1
400 1
621 1
393 1
559 2
86 2
201 2
402 2
216 2
384 2
365 2
140 2
291 2
526 2
99 2
332 2
311 2
176 2
133 2
469 2
392 2
127 2
403 2
89 2
274 2
48 2
398 2
500 2
79 2
50 2
101 2
477 2
341 2
128 2
386 2
607 2
7 2
426 2
547 2
81 2
515 2
394 2
371 2
255 2
531 2
459 2
425 2
393 2
343 2
388 2
473 2
160 2
429 2
129 2
98 2
595 2
601 2
56 2
184 2
84 2
42 2
167 2
450 2
171 2
625 2
487 2
342 2
453 2
419 2
166 2
60 2
31 2
39 2
45 2
55 2
581 2
281 2
564 2
576 2
36 2
96 2
142 2
105 2
324 2
481 2
193 2
155 2
20 2
405 2
568 2
407 2
401 3
181 3
29 3
87 3
113 3
273 3
276 3
99 3
118 3
588 3
268 3
191 3
412 3
613 3
93 3
542 3
33 3
413 3
207 3
593 3
74 3
27 3
86 3
468 3
626 3
529 3
467 3
530 3
246 3
40 3
260 3
250 3
100 3
309 3
143 3
174 3
194 3
415 3
361 3
153 3
523 3
269 3
426 3
245 554
517 590
293 207
165 139
412 249
412 554
473 535
230 139
412 340
245 139
230 412
207 139
517 554
177 554
412 336
230 293
590 532
590 249
590 245
517 412
473 230
336 165
336 554
249 535
245 165
412 532
252 245
473 207
252 139
249 177
590 554
532 245
532 139
230 252
473 293
177 165
249 252
293 554
340 554
473 249
532 293
412 245
535 532
473 256
517 340
293 177
629 630
630 631
631 632
632 633
633 634
634 635
635 636
636 637
637 638
638 639
639 640
640 641
641 642
642 643
643 644
644 645
645 646
646 647
647 648
648 649
649 650
650 651
651 652
652 653
653 654
654 655
655 656
656 657
657 658
658 659
659 660
660 661
661 662
662 663
663 664
664 665
665 666
666 667
667 668
668 669
669 670
670 671
671 672
672 673
673 674
674 675
675 676
676 677
677 678
678 679
679 680
680 681
681 682
682 683
683 684
684 685
685 686
686 687
687 688
688 689
689 690
690 691
691 692
692 693
693 694
694 695
695 696
696 697
697 698
698 699
699 629
699 698
698 697
697 696
696 695
695 694
694 693
693 692
692 691
691 690
690 689
689 688
688 687
687 686
686 685
685 684
684 683
683 682
682 681
681 680
680 679
679 678
678 677
677 676
676 675
675 674
674 673
673 672
672 671
671 670
670 669
669 668
668 667
667 666
666 665
665 664
664 663
663 662
662 661
661 660
660 659
659 658
658 657
657 656
656 655
655 654
654 653
653 652
652 651
651 650
650 649
649 648
648 647
647 646
646 645
645 644
644 643
643 642
642 641
641 640
640 639
639 638
638 637
637 636
636 635
635 634
634 633
633 632
632 631
631 630
629 700
630 700
631 700
632 700
633 700
634 700
635 700
636 700
637 700
638 700
639 700
640 700
641 700
642 700
643 700
644 700
645 700
646 700
647 700
648 700
649 700
650 700
651 700
652 700
653 700
654 700
655 700
656 700
657 700
658 700
659 700
660 700
661 700
662 700
663 700
664 700
665 700
666 700
667 700
668 700
669 700
670 700
671 700
672 700
673 700
674 700
675 700
676 700
677 700
678 700
679 700
680 700
681 700
682 700
683 700
684 700
685 700
686 700
687 700
688 700
689 700
690 700
691 700
692 700
693 700
694 700
695 700
696 700
697 700
698 700
699 700
