800
642
224 1
655 1
474 1
395 1
664 1
234 1
513 1
243 1
409 1
202 1
479 1
45 1
215 1
506 1
698 1
514 1
492 1
674 1
352 1
265 1
567 1
113 1
357 1
23 1
591 1
685 1
416 1
177 1
254 1
508 1
548 1
373 1
111 1
235 1
600 1
96 1
452 1
98 1
272 1
671 1
277 1
240 1
351 1
65 1
160 1
182 1
144 1
678 1
252 1
147 1
42 1
668 1
44 1
308 1
324 1
154 1
593 1
67 1
601 1
51 1
691 1
356 1
398 1
26 1
703 1
633 1
316 1
487 1
494 1
41 1
76 1
30 1
150 1
219 1
206 1
199 1
652 1
450 1
568 1
682 1
712 1
353 1
371 1
491 1
681 1
275 1
389 1
171 1
412 1
365 1
490 1
669 1
262 1
282 1
442 1
129 1
155 1
303 1
467 1
642 1
426 1
444 1
278 1
307 1
32 1
525 1
178 1
159 1
489 1
66 1
613 1
137 1
223 1
459 1
488 1
624 1
153 1
341 1
716 1
408 1
697 1
280 1
172 1
295 1
112 1
211 1
507 1
330 1
473 1
418 1
496 1
399 1
625 1
273 1
349 1
649 1
406 1
403 1
683 1
402 1
622 1
306 1
607 1
379 1
225 1
145 1
176 1
29 1
425 1
9 1
604 1
447 1
421 1
114 1
628 1
630 1
122 1
264 1
20 1
210 1
279 1
461 1
368 1
7 1
629 1
482 1
213 1
432 1
539 1
665 1
267 1
92 1
370 1
200 1
85 1
446 1
396 1
692 1
289 1
382 1
676 1
643 1
148 1
644 1
133 1
537 1
195 1
704 1
407 1
433 1
645 1
608 1
241 1
431 1
232 1
4 1
318 1
132 1
584 1
305 1
494 2
373 2
365 2
511 2
203 2
661 2
21 2
106 2
691 2
85 2
31 2
200 2
501 2
706 2
460 2
642 2
688 2
671 2
291 2
409 2
211 2
396 2
358 2
641 2
333 2
681 2
647 2
338 2
682 2
33 2
112 2
521 2
254 2
163 2
337 2
279 2
663 2
252 2
438 2
264 2
314 2
606 2
116 2
7 2
130 2
179 2
488 2
445 2
673 2
412 2
437 2
630 2
362 2
428 2
665 2
247 2
6 2
572 2
256 2
35 2
208 2
67 2
201 2
15 2
244 2
384 2
686 2
76 2
40 2
357 2
230 2
523 2
490 2
341 2
631 2
532 2
117 2
468 2
710 2
462 2
69 2
549 2
359 2
135 2
466 2
153 2
351 2
99 2
643 2
161 2
626 2
404 2
398 2
241 2
356 2
274 2
346 2
88 2
611 2
133 2
598 3
604 3
52 3
169 3
237 3
385 3
626 3
427 3
213 3
340 3
687 3
225 3
241 3
112 3
417 3
68 3
468 3
330 3
215 3
402 3
205 3
603 3
19 3
164 3
165 3
636 3
635 3
132 3
387 3
87 3
45 3
176 3
303 3
521 3
388 3
554 3
398 3
707 3
288 3
404 3
423 3
312 3
486 3
653 3
550 3
174 3
61 3
411 3
477 3
587 3
569 246
108 383
121 108
121 489
572 246
293 489
489 383
246 383
663 324
663 383
246 662
510 324
293 572
317 520
317 121
663 572
108 408
108 662
121 76
293 121
246 408
324 569
317 569
510 572
569 408
663 51
324 561
324 383
561 51
121 383
76 408
662 51
561 520
310 108
293 408
293 510
561 408
663 76
569 108
510 246
293 76
317 76
246 108
76 383
520 408
572 76
324 246
569 51
317 293
572 121
108 489
719 720
720 721
721 722
722 723
723 724
724 725
725 726
726 727
727 728
728 729
729 730
730 731
731 732
732 733
733 734
734 735
735 736
736 737
737 738
738 739
739 740
740 741
741 742
742 743
743 744
744 745
745 746
746 747
747 748
748 749
749 750
750 751
751 752
752 753
753 754
754 755
755 756
756 757
757 758
758 759
759 760
760 761
761 762
762 763
763 764
764 765
765 766
766 767
767 768
768 769
769 770
770 771
771 772
772 773
773 774
774 775
775 776
776 777
777 778
778 779
779 780
780 781
781 782
782 783
783 784
784 785
785 786
786 787
787 788
788 789
789 790
790 791
791 792
792 793
793 794
794 795
795 796
796 797
797 798
798 799
799 719
799 798
798 797
797 796
796 795
795 794
794 793
793 792
792 791
791 790
790 789
789 788
788 787
787 786
786 785
785 784
784 783
783 782
782 781
781 780
780 779
779 778
778 777
777 776
776 775
775 774
774 773
773 772
772 771
771 770
770 769
769 768
768 767
767 766
766 765
765 764
764 763
763 762
762 761
761 760
760 759
759 758
758 757
757 756
756 755
755 754
754 753
753 752
752 751
751 750
750 749
749 748
748 747
747 746
746 745
745 744
744 743
743 742
742 741
741 740
740 739
739 738
738 737
737 736
736 735
735 734
734 733
733 732
732 731
731 730
730 729
729 728
728 727
727 726
726 725
725 724
724 723
723 722
722 721
721 720
719 800
720 800
721 800
722 800
723 800
724 800
725 800
726 800
727 800
728 800
729 800
730 800
731 800
732 800
733 800
734 800
735 800
736 800
737 800
738 800
739 800
740 800
741 800
742 800
743 800
744 800
745 800
746 800
747 800
748 800
749 800
750 800
751 800
752 800
753 800
754 800
755 800
756 800
757 800
758 800
759 800
760 800
761 800
762 800
763 800
764 800
765 800
766 800
767 800
768 800
769 800
770 800
771 800
772 800
773 800
774 800
775 800
776 800
777 800
778 800
779 800
780 800
781 800
782 800
783 800
784 800
785 800
786 800
787 800
788 800
789 800
790 800
791 800
792 800
793 800
794 800
795 800
796 800
797 800
798 800
799 800
