900
722
9 1
23 1
424 1
760 1
84 1
114 1
509 1
219 1
51 1
204 1
271 1
132 1
708 1
186 1
254 1
510 1
270 1
738 1
242 1
654 1
447 1
691 1
369 1
579 1
398 1
630 1
742 1
329 1
394 1
499 1
782 1
444 1
108 1
163 1
781 1
724 1
160 1
443 1
293 1
289 1
528 1
519 1
28 1
789 1
506 1
239 1
454 1
513 1
418 1
461 1
248 1
174 1
478 1
414 1
68 1
71 1
372 1
721 1
112 1
609 1
504 1
291 1
756 1
118 1
475 1
142 1
162 1
243 1
737 1
562 1
490 1
246 1
179 1
102 1
201 1
175 1
520 1
320 1
309 1
63 1
182 1
716 1
481 1
273 1
430 1
769 1
202 1
197 1
636 1
497 1
209 1
687 1
377 1
221 1
43 1
489 1
613 1
339 1
371 1
580 1
317 1
105 1
25 1
161 1
40 1
116 1
218 1
11 1
267 1
390 1
331 1
44 1
700 1
153 1
575 1
585 1
574 1
485 1
675 1
635 1
135 1
157 1
527 1
642 1
138 1
512 1
727 1
46 1
169 1
148 1
587 1
551 1
56 1
78 1
120 1
4 1
307 1
703 1
663 1
503 1
234 1
415 1
136 1
389 1
581 1
699 1
684 1
423 1
344 1
421 1
472 1
277 1
706 1
650 1
677 1
762 1
244 1
464 1
468 1
696 1
151 1
322 1
542 1
165 1
625 1
508 1
90 1
149 1
47 1
601 1
383 1
741 1
128 1
158 1
286 1
582 1
131 1
251 1
13 1
518 1
356 1
79 1
237 1
434 1
73 1
396 1
50 1
788 1
85 1
253 1
225 1
779 1
351 1
533 1
170 1
139 1
524 1
494 1
308 1
65 1
24 1
212 1
707 1
303 1
806 1
367 1
463 1
332 1
284 1
740 1
661 1
526 1
462 1
667 1
729 1
511 1
91 1
350 1
765 1
14 1
538 1
326 1
211 1
168 1
690 1
379 2
59 2
725 2
692 2
500 2
765 2
37 2
693 2
86 2
751 2
317 2
542 2
756 2
571 2
587 2
12 2
125 2
755 2
446 2
270 2
124 2
78 2
680 2
178 2
282 2
278 2
640 2
408 2
294 2
478 2
111 2
753 2
487 2
28 2
8 2
412 2
305 2
249 2
397 2
609 2
296 2
677 2
272 2
44 2
539 2
686 2
164 2
407 2
20 2
602 2
372 2
127 2
244 2
769 2
450 2
694 2
115 2
795 2
6 2
313 2
424 2
284 2
633 2
735 2
636 2
616 2
663 2
100 2
690 2
402 2
720 2
376 2
420 2
436 2
356 2
190 2
208 2
123 2
316 2
105 2
135 2
258 2
704 2
717 2
204 2
89 2
462 2
574 2
703 2
701 2
652 2
32 2
639 2
608 2
48 2
626 2
311 2
749 2
4 2
603 2
567 2
687 2
199 2
697 2
421 2
405 2
138 2
525 2
47 2
705 2
5 2
398 2
463 3
680 3
223 3
632 3
236 3
252 3
503 3
364 3
633 3
608 3
27 3
201 3
528 3
189 3
64 3
165 3
11 3
622 3
674 3
379 3
497 3
279 3
195 3
74 3
222 3
8 3
88 3
220 3
128 3
720 3
561 3
360 3
124 3
401 3
73 3
805 3
800 3
150 3
169 3
519 3
567 3
444 3
789 3
352 3
100 3
9 3
55 3
778 3
690 3
127 3
722 3
738 3
569 3
343 3
225 3
575 3
784 692
531 541
784 139
299 638
195 105
414 531
440 638
299 692
590 414
758 638
195 59
299 334
590 691
531 784
414 692
758 440
388 195
335 378
440 784
590 195
139 334
590 638
335 414
388 531
414 388
414 334
590 531
590 758
378 692
388 59
784 334
590 139
531 299
378 105
590 440
388 691
541 691
335 139
531 692
414 105
335 692
388 758
784 105
414 139
692 334
139 638
440 692
784 691
414 195
414 541
531 334
692 691
139 691
531 59
378 334
440 334
195 692
638 334
809 810
810 811
811 812
812 813
813 814
814 815
815 816
816 817
817 818
818 819
819 820
820 821
821 822
822 823
823 824
824 825
825 826
826 827
827 828
828 829
829 830
830 831
831 832
832 833
833 834
834 835
835 836
836 837
837 838
838 839
839 840
840 841
841 842
842 843
843 844
844 845
845 846
846 847
847 848
848 849
849 850
850 851
851 852
852 853
853 854
854 855
855 856
856 857
857 858
858 859
859 860
860 861
861 862
862 863
863 864
864 865
865 866
866 867
867 868
868 869
869 870
870 871
871 872
872 873
873 874
874 875
875 876
876 877
877 878
878 879
879 880
880 881
881 882
882 883
883 884
884 885
885 886
886 887
887 888
888 889
889 890
890 891
891 892
892 893
893 894
894 895
895 896
896 897
897 898
898 899
899 809
899 898
898 897
897 896
896 895
895 894
894 893
893 892
892 891
891 890
890 889
889 888
888 887
887 886
886 885
885 884
884 883
883 882
882 881
881 880
880 879
879 878
878 877
877 876
876 875
875 874
874 873
873 872
872 871
871 870
870 869
869 868
868 867
867 866
866 865
865 864
864 863
863 862
862 861
861 860
860 859
859 858
858 857
857 856
856 855
855 854
854 853
853 852
852 851
851 850
850 849
849 848
848 847
847 846
846 845
845 844
844 843
843 842
842 841
841 840
840 839
839 838
838 837
837 836
836 835
835 834
834 833
833 832
832 831
831 830
830 829
829 828
828 827
827 826
826 825
825 824
824 823
823 822
822 821
821 820
820 819
819 818
818 817
817 816
816 815
815 814
814 813
813 812
812 811
811 810
809 900
810 900
811 900
812 900
813 900
814 900
815 900
816 900
817 900
818 900
819 900
820 900
821 900
822 900
823 900
824 900
825 900
826 900
827 900
828 900
829 900
830 900
831 900
832 900
833 900
834 900
835 900
836 900
837 900
838 900
839 900
840 900
841 900
842 900
843 900
844 900
845 900
846 900
847 900
848 900
849 900
850 900
851 900
852 900
853 900
854 900
855 900
856 900
857 900
858 900
859 900
860 900
861 900
862 900
863 900
864 900
865 900
866 900
867 900
868 900
869 900
870 900
871 900
872 900
873 900
874 900
875 900
876 900
877 900
878 900
879 900
880 900
881 900
882 900
883 900
884 900
885 900
886 900
887 900
888 900
889 900
890 900
891 900
892 900
893 900
894 900
895 900
896 900
897 900
898 900
899 900
