200
162
82 1
68 1
31 1
132 1
81 1
75 1
88 1
12 1
134 1
27 1
35 1
110 1
101 1
58 1
13 1
131 1
155 1
106 1
30 1
171 1
7 1
85 1
49 1
147 1
165 1
152 1
96 1
135 1
6 1
123 1
15 1
169 1
37 1
175 1
14 1
95 1
87 1
139 1
62 1
126 1
112 1
25 1
163 1
36 1
121 1
50 1
59 1
21 1
130 1
32 1
6 2
61 2
102 2
98 2
91 2
69 2
141 2
79 2
76 2
14 2
159 2
121 2
131 2
59 2
94 2
22 2
32 2
54 2
82 2
21 2
86 2
11 2
38 2
161 2
48 2
49 3
14 3
37 3
65 3
13 3
24 3
73 3
119 3
60 3
28 3
151 3
93 3
165 160
7 64
142 117
15 64
103 117
4 94
126 15
126 72
4 117
117 155
4 72
103 72
7 170
125 4
179 180
180 181
181 182
182 183
183 184
184 185
185 186
186 187
187 188
188 189
189 190
190 191
191 192
192 193
193 194
194 195
195 196
196 197
197 198
198 199
199 179
199 198
198 197
197 196
196 195
195 194
194 193
193 192
192 191
191 190
190 189
189 188
188 187
187 186
186 185
185 184
184 183
183 182
182 181
181 180
179 200
180 200
181 200
182 200
183 200
184 200
185 200
186 200
187 200
188 200
189 200
190 200
191 200
192 200
193 200
194 200
195 200
196 200
197 200
198 200
199 200
