300
242
126 1
53 1
173 1
43 1
122 1
46 1
21 1
124 1
260 1
52 1
249 1
196 1
204 1
232 1
29 1
153 1
117 1
38 1
225 1
141 1
220 1
28 1
59 1
100 1
189 1
92 1
214 1
257 1
197 1
87 1
201 1
219 1
118 1
110 1
82 1
191 1
208 1
145 1
259 1
42 1
19 1
151 1
144 1
47 1
73 1
24 1
64 1
238 1
236 1
241 1
18 1
26 1
121 1
40 1
113 1
105 1
265 1
158 1
250 1
251 1
234 1
45 1
60 1
6 1
66 1
243 1
180 1
130 1
115 1
97 1
27 1
169 1
266 1
9 1
96 1
95 2
94 2
208 2
230 2
172 2
183 2
179 2
33 2
120 2
17 2
113 2
259 2
199 2
98 2
223 2
103 2
201 2
22 2
265 2
173 2
203 2
209 2
116 2
32 2
245 2
31 2
10 2
71 2
16 2
243 2
52 2
142 2
227 2
246 2
204 2
184 2
255 2
231 3
197 3
225 3
139 3
26 3
164 3
171 3
229 3
20 3
252 3
59 3
133 3
222 3
200 3
28 3
128 3
179 3
218 3
184 85
139 184
257 85
139 189
196 184
59 240
196 58
257 184
85 240
257 257
196 159
6 250
257 189
189 257
257 184
250 159
98 252
196 257
135 257
257 252
57 58
269 270
270 271
271 272
272 273
273 274
274 275
275 276
276 277
277 278
278 279
279 280
280 281
281 282
282 283
283 284
284 285
285 286
286 287
287 288
288 289
289 290
290 291
291 292
292 293
293 294
294 295
295 296
296 297
297 298
298 299
299 269
299 298
298 297
297 296
296 295
295 294
294 293
293 292
292 291
291 290
290 289
289 288
288 287
287 286
286 285
285 284
284 283
283 282
282 281
281 280
280 279
279 278
278 277
277 276
276 275
275 274
274 273
273 272
272 271
271 270
269 300
270 300
271 300
272 300
273 300
274 300
275 300
276 300
277 300
278 300
279 300
280 300
281 300
282 300
283 300
284 300
285 300
286 300
287 300
288 300
289 300
290 300
291 300
292 300
293 300
294 300
295 300
296 300
297 300
298 300
299 300
