400
322
144 1
220 1
285 1
92 1
272 1
67 1
214 1
226 1
17 1
146 1
305 1
167 1
99 1
183 1
303 1
18 1
241 1
105 1
82 1
265 1
342 1
57 1
262 1
312 1
327 1
212 1
51 1
156 1
134 1
322 1
250 1
237 1
295 1
287 1
120 1
261 1
100 1
239 1
38 1
210 1
196 1
109 1
178 1
290 1
200 1
350 1
46 1
204 1
258 1
249 1
273 1
231 1
328 1
246 1
45 1
170 1
274 1
208 1
9 1
80 1
181 1
323 1
11 1
10 1
49 1
126 1
354 1
171 1
27 1
219 1
302 1
175 1
218 1
5 1
12 1
330 1
22 1
48 1
339 1
96 1
184 1
107 1
206 1
304 1
30 1
19 1
47 1
313 1
263 1
338 1
157 1
216 1
275 1
89 1
264 1
74 1
56 1
271 1
55 1
87 1
347 2
212 2
119 2
137 2
29 2
142 2
161 2
71 2
87 2
40 2
254 2
282 2
297 2
92 2
287 2
167 2
249 2
206 2
344 2
239 2
332 2
49 2
46 2
143 2
52 2
195 2
252 2
313 2
348 2
229 2
187 2
78 2
67 2
181 2
100 2
171 2
241 2
39 2
20 2
291 2
168 2
21 2
72 2
289 2
222 2
214 2
283 2
293 2
11 2
327 2
11 3
164 3
279 3
108 3
114 3
275 3
339 3
300 3
214 3
57 3
255 3
235 3
174 3
77 3
95 3
162 3
219 3
175 3
267 3
185 3
17 3
135 3
292 3
145 3
19 3
249 176
256 322
195 329
273 208
195 208
53 314
314 32
273 37
37 14
14 329
255 262
195 53
262 315
208 32
37 322
309 329
249 255
256 255
273 176
322 315
309 249
255 53
309 273
176 32
309 37
329 63
359 360
360 361
361 362
362 363
363 364
364 365
365 366
366 367
367 368
368 369
369 370
370 371
371 372
372 373
373 374
374 375
375 376
376 377
377 378
378 379
379 380
380 381
381 382
382 383
383 384
384 385
385 386
386 387
387 388
388 389
389 390
390 391
391 392
392 393
393 394
394 395
395 396
396 397
397 398
398 399
399 359
399 398
398 397
397 396
396 395
395 394
394 393
393 392
392 391
391 390
390 389
389 388
388 387
387 386
386 385
385 384
384 383
383 382
382 381
381 380
380 379
379 378
378 377
377 376
376 375
375 374
374 373
373 372
372 371
371 370
370 369
369 368
368 367
367 366
366 365
365 364
364 363
363 362
362 361
361 360
359 400
360 400
361 400
362 400
363 400
364 400
365 400
366 400
367 400
368 400
369 400
370 400
371 400
372 400
373 400
374 400
375 400
376 400
377 400
378 400
379 400
380 400
381 400
382 400
383 400
384 400
385 400
386 400
387 400
388 400
389 400
390 400
391 400
392 400
393 400
394 400
395 400
396 400
397 400
398 400
399 400
