500
402
338 1
417 1
110 1
115 1
71 1
335 1
118 1
219 1
159 1
28 1
255 1
121 1
76 1
428 1
307 1
86 1
365 1
220 1
300 1
198 1
274 1
394 1
91 1
207 1
360 1
138 1
398 1
353 1
387 1
10 1
373 1
87 1
182 1
407 1
261 1
309 1
316 1
298 1
364 1
272 1
367 1
362 1
240 1
123 1
256 1
297 1
356 1
282 1
218 1
126 1
287 1
402 1
290 1
420 1
162 1
269 1
99 1
403 1
145 1
393 1
230 1
95 1
263 1
396 1
404 1
382 1
191 1
283 1
233 1
129 1
339 1
153 1
120 1
434 1
36 1
44 1
321 1
55 1
265 1
257 1
246 1
232 1
111 1
210 1
392 1
389 1
41 1
350 1
425 1
270 1
236 1
8 1
29 1
323 1
306 1
119 1
311 1
301 1
355 1
229 1
437 1
345 1
89 1
280 1
422 1
413 1
254 1
304 1
45 1
85 1
432 1
26 1
9 1
177 1
250 1
65 1
318 1
288 1
171 1
447 1
405 1
370 1
294 1
324 1
105 1
389 2
32 2
116 2
402 2
126 2
34 2
394 2
267 2
343 2
384 2
316 2
219 2
200 2
378 2
359 2
203 2
218 2
415 2
157 2
326 2
320 2
15 2
123 2
101 2
255 2
142 2
303 2
270 2
386 2
213 2
197 2
86 2
231 2
279 2
220 2
278 2
350 2
31 2
73 2
423 2
422 2
322 2
136 2
139 2
357 2
392 2
283 2
161 2
376 2
275 2
94 2
373 2
351 2
104 2
426 2
374 2
442 2
361 2
280 2
340 2
9 2
282 2
429 3
82 3
157 3
108 3
154 3
388 3
99 3
115 3
185 3
178 3
447 3
298 3
424 3
25 3
165 3
292 3
251 3
444 3
6 3
179 3
58 3
192 3
36 3
77 3
110 3
189 3
12 3
51 3
366 3
397 3
184 3
379 85
211 445
249 15
249 134
211 281
280 281
223 139
54 445
15 85
92 211
280 211
211 15
280 197
281 139
280 121
281 445
280 139
121 398
121 15
139 134
121 230
92 379
211 379
92 15
54 134
121 85
85 134
15 134
223 230
379 398
197 85
197 15
223 85
449 450
450 451
451 452
452 453
453 454
454 455
455 456
456 457
457 458
458 459
459 460
460 461
461 462
462 463
463 464
464 465
465 466
466 467
467 468
468 469
469 470
470 471
471 472
472 473
473 474
474 475
475 476
476 477
477 478
478 479
479 480
480 481
481 482
482 483
483 484
484 485
485 486
486 487
487 488
488 489
489 490
490 491
491 492
492 493
493 494
494 495
495 496
496 497
497 498
498 499
499 449
499 498
498 497
497 496
496 495
495 494
494 493
493 492
492 491
491 490
490 489
489 488
488 487
487 486
486 485
485 484
484 483
483 482
482 481
481 480
480 479
479 478
478 477
477 476
476 475
475 474
474 473
473 472
472 471
471 470
470 469
469 468
468 467
467 466
466 465
465 464
464 463
463 462
462 461
461 460
460 459
459 458
458 457
457 456
456 455
455 454
454 453
453 452
452 451
451 450
449 500
450 500
451 500
452 500
453 500
454 500
455 500
456 500
457 500
458 500
459 500
460 500
461 500
462 500
463 500
464 500
465 500
466 500
467 500
468 500
469 500
470 500
471 500
472 500
473 500
474 500
475 500
476 500
477 500
478 500
479 500
480 500
481 500
482 500
483 500
484 500
485 500
486 500
487 500
488 500
489 500
490 500
491 500
492 500
493 500
494 500
495 500
496 500
497 500
498 500
499 500
