600
482
169 1
537 1
397 1
475 1
104 1
330 1
211 1
396 1
421 1
221 1
119 1
459 1
131 1
472 1
80 1
43 1
515 1
16 1
130 1
336 1
371 1
204 1
357 1
220 1
392 1
535 1
295 1
47 1
283 1
261 1
533 1
502 1
202 1
278 1
345 1
71 1
435 1
153 1
93 1
242 1
377 1
404 1
413 1
194 1
470 1
30 1
467 1
241 1
248 1
473 1
349 1
240 1
327 1
276 1
443 1
117 1
275 1
210 1
200 1
69 1
22 1
224 1
437 1
225 1
498 1
48 1
390 1
64 1
198 1
442 1
26 1
172 1
511 1
465 1
50 1
381 1
205 1
410 1
63 1
34 1
231 1
192 1
59 1
294 1
512 1
530 1
106 1
127 1
4 1
429 1
184 1
255 1
161 1
162 1
387 1
532 1
360 1
513 1
136 1
388 1
154 1
358 1
383 1
289 1
266 1
12 1
450 1
138 1
83 1
499 1
41 1
97 1
293 1
342 1
291 1
206 1
246 1
201 1
234 1
354 1
160 1
105 1
51 1
527 1
58 1
464 1
189 1
521 1
203 1
362 1
86 1
167 1
67 1
33 1
190 1
158 1
282 1
508 1
222 1
181 1
484 1
531 1
361 1
144 1
108 1
369 1
112 1
500 1
157 1
142 1
57 2
492 2
481 2
467 2
246 2
138 2
490 2
188 2
436 2
109 2
389 2
497 2
432 2
95 2
535 2
327 2
100 2
276 2
298 2
184 2
473 2
450 2
115 2
314 2
500 2
101 2
433 2
507 2
89 2
38 2
311 2
129 2
50 2
508 2
171 2
134 2
241 2
315 2
412 2
73 2
207 2
384 2
403 2
103 2
67 2
318 2
418 2
472 2
335 2
269 2
15 2
449 2
13 2
128 2
220 2
443 2
528 2
346 2
223 2
264 2
174 2
33 2
32 2
189 2
413 2
437 2
385 2
321 2
516 2
338 2
463 2
66 2
130 2
506 2
244 2
255 3
37 3
322 3
146 3
190 3
408 3
323 3
359 3
158 3
193 3
240 3
297 3
156 3
354 3
165 3
454 3
476 3
503 3
411 3
436 3
488 3
283 3
189 3
333 3
150 3
70 3
313 3
417 3
31 3
224 3
65 3
39 3
258 3
267 3
148 3
245 3
466 3
377 81
212 376
69 233
69 377
81 250
250 510
69 456
377 367
69 410
58 212
154 212
15 510
15 410
58 233
233 367
510 301
301 410
367 376
455 480
367 301
81 212
455 58
268 301
367 410
268 480
377 480
268 81
15 212
250 212
58 376
81 233
301 510
250 15
510 376
510 212
455 367
455 69
455 154
455 510
539 540
540 541
541 542
542 543
543 544
544 545
545 546
546 547
547 548
548 549
549 550
550 551
551 552
552 553
553 554
554 555
555 556
556 557
557 558
558 559
559 560
560 561
561 562
562 563
563 564
564 565
565 566
566 567
567 568
568 569
569 570
570 571
571 572
572 573
573 574
574 575
575 576
576 577
577 578
578 579
579 580
580 581
581 582
582 583
583 584
584 585
585 586
586 587
587 588
588 589
589 590
590 591
591 592
592 593
593 594
594 595
595 596
596 597
597 598
598 599
599 539
599 598
598 597
597 596
596 595
595 594
594 593
593 592
592 591
591 590
590 589
589 588
588 587
587 586
586 585
585 584
584 583
583 582
582 581
581 580
580 579
579 578
578 577
577 576
576 575
575 574
574 573
573 572
572 571
571 570
570 569
569 568
568 567
567 566
566 565
565 564
564 563
563 562
562 561
561 560
560 559
559 558
558 557
557 556
556 555
555 554
554 553
553 552
552 551
551 550
550 549
549 548
548 547
547 546
546 545
545 544
544 543
543 542
542 541
541 540
539 600
540 600
541 600
542 600
543 600
544 600
545 600
546 600
547 600
548 600
549 600
550 600
551 600
552 600
553 600
554 600
555 600
556 600
557 600
558 600
559 600
560 600
561 600
562 600
563 600
564 600
565 600
566 600
567 600
568 600
569 600
570 600
571 600
572 600
573 600
574 600
575 600
576 600
577 600
578 600
579 600
580 600
581 600
582 600
583 600
584 600
585 600
586 600
587 600
588 600
589 600
590 600
591 600
592 600
593 600
594 600
595 600
596 600
597 600
598 600
599 600
