700
562
116 1
247 1
461 1
262 1
121 1
501 1
222 1
421 1
237 1
627 1
335 1
82 1
338 1
124 1
438 1
210 1
11 1
258 1
546 1
406 1
243 1
77 1
610 1
291 1
345 1
474 1
132 1
206 1
448 1
156 1
187 1
89 1
611 1
13 1
623 1
138 1
443 1
552 1
377 1
363 1
191 1
509 1
267 1
111 1
75 1
337 1
26 1
236 1
420 1
144 1
383 1
86 1
278 1
230 1
494 1
6 1
391 1
424 1
240 1
263 1
235 1
79 1
399 1
517 1
276 1
96 1
319 1
551 1
246 1
524 1
608 1
238 1
273 1
449 1
307 1
228 1
412 1
85 1
447 1
527 1
286 1
25 1
249 1
117 1
573 1
139 1
51 1
508 1
108 1
549 1
483 1
352 1
314 1
484 1
493 1
520 1
126 1
164 1
217 1
358 1
200 1
555 1
612 1
74 1
49 1
317 1
361 1
513 1
547 1
605 1
615 1
158 1
67 1
57 1
65 1
333 1
395 1
253 1
362 1
382 1
600 1
460 1
465 1
429 1
616 1
211 1
470 1
360 1
440 1
290 1
344 1
32 1
73 1
40 1
591 1
37 1
148 1
71 1
189 1
190 1
433 1
467 1
530 1
311 1
367 1
43 1
403 1
42 1
331 1
414 1
209 1
435 1
563 1
219 1
280 1
28 1
119 1
519 1
212 1
380 1
366 1
415 1
609 1
407 1
313 1
576 1
181 1
432 1
68 1
564 1
15 1
566 1
356 1
198 1
296 1
555 2
337 2
50 2
618 2
15 2
573 2
188 2
199 2
85 2
121 2
322 2
276 2
93 2
426 2
519 2
593 2
226 2
375 2
164 2
617 2
293 2
315 2
336 2
47 2
139 2
353 2
625 2
319 2
437 2
348 2
399 2
614 2
440 2
495 2
274 2
427 2
331 2
214 2
180 2
294 2
365 2
582 2
565 2
204 2
586 2
78 2
239 2
411 2
396 2
400 2
552 2
374 2
570 2
256 2
157 2
422 2
159 2
326 2
416 2
621 2
237 2
524 2
194 2
370 2
462 2
321 2
547 2
26 2
367 2
329 2
48 2
11 2
503 2
381 2
498 2
233 2
178 2
344 2
611 2
304 2
358 2
235 2
585 2
7 2
290 2
236 2
136 2
14 3
312 3
178 3
427 3
310 3
251 3
485 3
44 3
94 3
478 3
280 3
189 3
547 3
82 3
371 3
487 3
243 3
599 3
18 3
181 3
261 3
597 3
361 3
352 3
345 3
220 3
576 3
448 3
205 3
104 3
435 3
158 3
145 3
35 3
282 3
565 3
62 3
42 3
358 3
463 3
440 3
215 3
390 3
434 440
413 526
468 546
440 608
444 608
132 89
443 608
434 413
89 413
132 413
546 526
443 454
377 546
80 413
434 526
443 413
354 24
526 440
354 440
89 454
468 24
80 89
377 440
238 608
443 434
377 245
80 454
377 24
89 24
238 245
413 608
546 413
444 413
434 132
80 245
377 526
443 24
468 526
413 454
377 238
434 89
238 454
444 24
546 440
89 245
24 608
629 630
630 631
631 632
632 633
633 634
634 635
635 636
636 637
637 638
638 639
639 640
640 641
641 642
642 643
643 644
644 645
645 646
646 647
647 648
648 649
649 650
650 651
651 652
652 653
653 654
654 655
655 656
656 657
657 658
658 659
659 660
660 661
661 662
662 663
663 664
664 665
665 666
666 667
667 668
668 669
669 670
670 671
671 672
672 673
673 674
674 675
675 676
676 677
677 678
678 679
679 680
680 681
681 682
682 683
683 684
684 685
685 686
686 687
687 688
688 689
689 690
690 691
691 692
692 693
693 694
694 695
695 696
696 697
697 698
698 699
699 629
699 698
698 697
697 696
696 695
695 694
694 693
693 692
692 691
691 690
690 689
689 688
688 687
687 686
686 685
685 684
684 683
683 682
682 681
681 680
680 679
679 678
678 677
677 676
676 675
675 674
674 673
673 672
672 671
671 670
670 669
669 668
668 667
667 666
666 665
665 664
664 663
663 662
662 661
661 660
660 659
659 658
658 657
657 656
656 655
655 654
654 653
653 652
652 651
651 650
650 649
649 648
648 647
647 646
646 645
645 644
644 643
643 642
642 641
641 640
640 639
639 638
638 637
637 636
636 635
635 634
634 633
633 632
632 631
631 630
629 700
630 700
631 700
632 700
633 700
634 700
635 700
636 700
637 700
638 700
639 700
640 700
641 700
642 700
643 700
644 700
645 700
646 700
647 700
648 700
649 700
650 700
651 700
652 700
653 700
654 700
655 700
656 700
657 700
658 700
659 700
660 700
661 700
662 700
663 700
664 700
665 700
666 700
667 700
668 700
669 700
670 700
671 700
672 700
673 700
674 700
675 700
676 700
677 700
678 700
679 700
680 700
681 700
682 700
683 700
684 700
685 700
686 700
687 700
688 700
689 700
690 700
691 700
692 700
693 700
694 700
695 700
696 700
697 700
698 700
699 700
