800
642
25 1
318 1
483 1
240 1
644 1
672 1
456 1
284 1
405 1
125 1
56 1
210 1
105 1
172 1
215 1
22 1
205 1
705 1
624 1
496 1
447 1
291 1
702 1
648 1
140 1
248 1
198 1
182 1
393 1
69 1
174 1
287 1
400 1
183 1
156 1
344 1
653 1
622 1
81 1
110 1
578 1
378 1
325 1
654 1
306 1
422 1
365 1
600 1
66 1
543 1
251 1
432 1
276 1
181 1
329 1
75 1
691 1
662 1
161 1
637 1
102 1
706 1
440 1
8 1
364 1
492 1
547 1
270 1
332 1
295 1
513 1
257 1
229 1
323 1
649 1
129 1
371 1
522 1
44 1
223 1
621 1
707 1
497 1
382 1
163 1
586 1
696 1
360 1
399 1
449 1
220 1
192 1
396 1
463 1
490 1
227 1
141 1
150 1
134 1
502 1
403 1
595 1
643 1
177 1
697 1
541 1
278 1
416 1
206 1
486 1
651 1
411 1
675 1
101 1
430 1
347 1
269 1
515 1
402 1
361 1
673 1
281 1
444 1
423 1
458 1
343 1
15 1
505 1
127 1
467 1
526 1
130 1
267 1
485 1
50 1
111 1
455 1
540 1
699 1
333 1
588 1
153 1
579 1
681 1
61 1
176 1
570 1
138 1
574 1
132 1
619 1
587 1
14 1
417 1
564 1
158 1
554 1
11 1
48 1
143 1
23 1
363 1
610 1
634 1
429 1
299 1
261 1
372 1
703 1
419 1
527 1
362 1
157 1
142 1
470 1
107 1
709 1
247 1
131 1
484 1
472 1
65 1
468 1
576 1
293 1
71 1
445 1
682 1
500 1
340 1
289 1
459 1
395 1
7 1
631 1
92 1
149 1
152 1
84 1
189 1
587 2
257 2
605 2
24 2
313 2
579 2
714 2
180 2
655 2
500 2
147 2
82 2
640 2
679 2
620 2
374 2
604 2
303 2
53 2
371 2
564 2
20 2
548 2
480 2
165 2
56 2
521 2
230 2
74 2
130 2
563 2
616 2
279 2
58 2
552 2
45 2
264 2
226 2
116 2
599 2
291 2
662 2
336 2
419 2
280 2
514 2
373 2
414 2
268 2
377 2
319 2
188 2
532 2
88 2
7 2
295 2
633 2
450 2
158 2
597 2
92 2
515 2
281 2
644 2
162 2
304 2
465 2
716 2
283 2
430 2
57 2
555 2
193 2
627 2
276 2
400 2
628 2
29 2
297 2
215 2
621 2
363 2
625 2
290 2
236 2
157 2
100 2
70 2
614 2
553 2
566 2
16 2
173 2
182 2
428 2
559 2
632 2
94 2
452 2
306 2
648 3
539 3
685 3
175 3
211 3
327 3
288 3
144 3
394 3
606 3
201 3
71 3
668 3
72 3
622 3
557 3
461 3
102 3
12 3
325 3
41 3
614 3
637 3
504 3
612 3
544 3
84 3
88 3
110 3
568 3
485 3
655 3
55 3
218 3
223 3
372 3
566 3
692 3
157 3
192 3
317 3
259 3
673 3
513 3
213 3
581 3
499 3
453 3
636 3
473 3
374 69
647 84
402 534
702 69
318 374
265 687
456 69
402 28
312 590
28 419
402 456
102 590
647 69
102 687
84 534
456 40
84 702
456 534
265 507
702 590
402 69
402 40
647 687
318 456
318 84
28 702
40 687
312 40
102 419
374 40
199 84
647 534
265 374
199 265
647 590
318 28
84 28
312 28
702 687
647 402
265 702
199 590
507 534
84 402
28 374
199 419
318 590
312 507
84 102
534 590
419 69
719 720
720 721
721 722
722 723
723 724
724 725
725 726
726 727
727 728
728 729
729 730
730 731
731 732
732 733
733 734
734 735
735 736
736 737
737 738
738 739
739 740
740 741
741 742
742 743
743 744
744 745
745 746
746 747
747 748
748 749
749 750
750 751
751 752
752 753
753 754
754 755
755 756
756 757
757 758
758 759
759 760
760 761
761 762
762 763
763 764
764 765
765 766
766 767
767 768
768 769
769 770
770 771
771 772
772 773
773 774
774 775
775 776
776 777
777 778
778 779
779 780
780 781
781 782
782 783
783 784
784 785
785 786
786 787
787 788
788 789
789 790
790 791
791 792
792 793
793 794
794 795
795 796
796 797
797 798
798 799
799 719
799 798
798 797
797 796
796 795
795 794
794 793
793 792
792 791
791 790
790 789
789 788
788 787
787 786
786 785
785 784
784 783
783 782
782 781
781 780
780 779
779 778
778 777
777 776
776 775
775 774
774 773
773 772
772 771
771 770
770 769
769 768
768 767
767 766
766 765
765 764
764 763
763 762
762 761
761 760
760 759
759 758
758 757
757 756
756 755
755 754
754 753
753 752
752 751
751 750
750 749
749 748
748 747
747 746
746 745
745 744
744 743
743 742
742 741
741 740
740 739
739 738
738 737
737 736
736 735
735 734
734 733
733 732
732 731
731 730
730 729
729 728
728 727
727 726
726 725
725 724
724 723
723 722
722 721
721 720
719 800
720 800
721 800
722 800
723 800
724 800
725 800
726 800
727 800
728 800
729 800
730 800
731 800
732 800
733 800
734 800
735 800
736 800
737 800
738 800
739 800
740 800
741 800
742 800
743 800
744 800
745 800
746 800
747 800
748 800
749 800
750 800
751 800
752 800
753 800
754 800
755 800
756 800
757 800
758 800
759 800
760 800
761 800
762 800
763 800
764 800
765 800
766 800
767 800
768 800
769 800
770 800
771 800
772 800
773 800
774 800
775 800
776 800
777 800
778 800
779 800
780 800
781 800
782 800
783 800
784 800
785 800
786 800
787 800
788 800
789 800
790 800
791 800
792 800
793 800
794 800
795 800
796 800
797 800
798 800
799 800
