900
722
410 1
194 1
433 1
581 1
60 1
536 1
122 1
309 1
129 1
524 1
280 1
137 1
700 1
196 1
613 1
227 1
32 1
149 1
305 1
357 1
508 1
593 1
37 1
87 1
182 1
798 1
711 1
634 1
670 1
164 1
760 1
748 1
722 1
58 1
404 1
546 1
138 1
248 1
158 1
106 1
464 1
28 1
293 1
643 1
312 1
729 1
491 1
253 1
691 1
358 1
145 1
636 1
630 1
363 1
59 1
199 1
126 1
168 1
705 1
412 1
26 1
160 1
682 1
515 1
294 1
428 1
561 1
773 1
173 1
341 1
271 1
706 1
354 1
396 1
644 1
456 1
775 1
398 1
716 1
132 1
287 1
459 1
541 1
589 1
595 1
278 1
252 1
229 1
447 1
731 1
750 1
778 1
500 1
380 1
284 1
323 1
673 1
683 1
185 1
150 1
693 1
263 1
181 1
251 1
489 1
281 1
656 1
245 1
475 1
707 1
577 1
83 1
687 1
497 1
242 1
460 1
219 1
48 1
764 1
516 1
355 1
222 1
792 1
735 1
517 1
22 1
578 1
658 1
758 1
677 1
197 1
765 1
537 1
569 1
468 1
592 1
779 1
216 1
582 1
567 1
95 1
654 1
379 1
211 1
72 1
4 1
554 1
46 1
503 1
631 1
714 1
490 1
76 1
507 1
360 1
653 1
646 1
317 1
66 1
605 1
366 1
715 1
107 1
313 1
583 1
277 1
376 1
421 1
718 1
466 1
212 1
250 1
133 1
45 1
231 1
770 1
240 1
84 1
470 1
33 1
622 1
441 1
238 1
727 1
530 1
235 1
465 1
509 1
436 1
259 1
279 1
311 1
371 1
61 1
409 1
550 1
440 1
353 1
169 1
232 1
533 1
741 1
78 1
642 1
742 1
140 1
257 1
156 1
401 1
657 1
403 1
688 1
600 1
416 1
471 1
392 1
374 1
496 1
522 1
747 1
192 1
435 1
79 1
505 1
272 1
282 2
417 2
344 2
800 2
249 2
242 2
303 2
217 2
674 2
313 2
224 2
117 2
378 2
693 2
529 2
566 2
327 2
688 2
356 2
281 2
341 2
247 2
237 2
36 2
258 2
456 2
573 2
200 2
393 2
79 2
161 2
196 2
177 2
806 2
63 2
760 2
742 2
216 2
697 2
765 2
423 2
588 2
95 2
489 2
187 2
162 2
739 2
49 2
290 2
358 2
154 2
507 2
571 2
338 2
538 2
298 2
57 2
203 2
694 2
614 2
55 2
135 2
152 2
418 2
548 2
316 2
620 2
121 2
374 2
94 2
7 2
45 2
357 2
134 2
471 2
460 2
740 2
351 2
632 2
493 2
83 2
715 2
143 2
646 2
37 2
366 2
410 2
186 2
465 2
449 2
157 2
557 2
180 2
762 2
294 2
293 2
639 2
501 2
726 2
226 2
153 2
447 2
797 2
85 2
275 2
458 2
542 2
625 2
64 2
723 2
335 2
273 2
149 3
532 3
20 3
742 3
714 3
773 3
34 3
806 3
799 3
492 3
522 3
687 3
457 3
616 3
32 3
330 3
647 3
591 3
441 3
60 3
471 3
373 3
374 3
612 3
554 3
388 3
761 3
513 3
427 3
435 3
45 3
61 3
313 3
557 3
358 3
371 3
684 3
444 3
594 3
775 3
407 3
575 3
430 3
348 3
794 3
699 3
479 3
786 3
595 3
521 3
343 3
432 3
531 3
413 3
5 3
59 3
334 536
759 30
470 219
470 759
467 96
427 650
381 219
470 334
43 341
207 96
470 777
759 219
216 30
96 536
467 30
207 777
381 341
650 536
321 777
470 522
381 467
219 313
43 650
759 381
759 467
536 30
207 219
96 216
777 30
43 427
96 30
759 777
777 381
219 334
43 777
321 216
522 536
313 96
470 313
470 427
341 216
321 536
522 216
470 43
470 650
43 759
219 522
207 341
427 30
650 216
321 96
759 334
43 96
334 96
43 467
43 536
759 216
207 467
809 810
810 811
811 812
812 813
813 814
814 815
815 816
816 817
817 818
818 819
819 820
820 821
821 822
822 823
823 824
824 825
825 826
826 827
827 828
828 829
829 830
830 831
831 832
832 833
833 834
834 835
835 836
836 837
837 838
838 839
839 840
840 841
841 842
842 843
843 844
844 845
845 846
846 847
847 848
848 849
849 850
850 851
851 852
852 853
853 854
854 855
855 856
856 857
857 858
858 859
859 860
860 861
861 862
862 863
863 864
864 865
865 866
866 867
867 868
868 869
869 870
870 871
871 872
872 873
873 874
874 875
875 876
876 877
877 878
878 879
879 880
880 881
881 882
882 883
883 884
884 885
885 886
886 887
887 888
888 889
889 890
890 891
891 892
892 893
893 894
894 895
895 896
896 897
897 898
898 899
899 809
899 898
898 897
897 896
896 895
895 894
894 893
893 892
892 891
891 890
890 889
889 888
888 887
887 886
886 885
885 884
884 883
883 882
882 881
881 880
880 879
879 878
878 877
877 876
876 875
875 874
874 873
873 872
872 871
871 870
870 869
869 868
868 867
867 866
866 865
865 864
864 863
863 862
862 861
861 860
860 859
859 858
858 857
857 856
856 855
855 854
854 853
853 852
852 851
851 850
850 849
849 848
848 847
847 846
846 845
845 844
844 843
843 842
842 841
841 840
840 839
839 838
838 837
837 836
836 835
835 834
834 833
833 832
832 831
831 830
830 829
829 828
828 827
827 826
826 825
825 824
824 823
823 822
822 821
821 820
820 819
819 818
818 817
817 816
816 815
815 814
814 813
813 812
812 811
811 810
809 900
810 900
811 900
812 900
813 900
814 900
815 900
816 900
817 900
818 900
819 900
820 900
821 900
822 900
823 900
824 900
825 900
826 900
827 900
828 900
829 900
830 900
831 900
832 900
833 900
834 900
835 900
836 900
837 900
838 900
839 900
840 900
841 900
842 900
843 900
844 900
845 900
846 900
847 900
848 900
849 900
850 900
851 900
852 900
853 900
854 900
855 900
856 900
857 900
858 900
859 900
860 900
861 900
862 900
863 900
864 900
865 900
866 900
867 900
868 900
869 900
870 900
871 900
872 900
873 900
874 900
875 900
876 900
877 900
878 900
879 900
880 900
881 900
882 900
883 900
884 900
885 900
886 900
887 900
888 900
889 900
890 900
891 900
892 900
893 900
894 900
895 900
896 900
897 900
898 900
899 900
