1000
802
511 1
53 1
39 1
288 1
429 1
846 1
703 1
94 1
473 1
453 1
16 1
765 1
601 1
388 1
18 1
737 1
539 1
272 1
251 1
126 1
33 1
7 1
282 1
438 1
399 1
543 1
735 1
806 1
376 1
842 1
633 1
463 1
681 1
116 1
216 1
333 1
84 1
43 1
645 1
166 1
725 1
64 1
208 1
441 1
761 1
628 1
697 1
410 1
741 1
859 1
691 1
878 1
772 1
853 1
661 1
710 1
885 1
171 1
54 1
26 1
598 1
861 1
644 1
610 1
723 1
118 1
637 1
70 1
420 1
199 1
28 1
834 1
179 1
556 1
513 1
154 1
185 1
694 1
891 1
683 1
137 1
525 1
472 1
803 1
880 1
600 1
893 1
247 1
393 1
498 1
552 1
503 1
486 1
801 1
380 1
46 1
327 1
161 1
284 1
677 1
705 1
170 1
285 1
100 1
364 1
578 1
791 1
670 1
504 1
153 1
575 1
274 1
675 1
93 1
248 1
279 1
847 1
546 1
483 1
491 1
167 1
715 1
401 1
109 1
854 1
474 1
52 1
477 1
122 1
667 1
884 1
871 1
183 1
255 1
468 1
422 1
340 1
614 1
32 1
736 1
684 1
837 1
237 1
497 1
184 1
455 1
188 1
530 1
627 1
430 1
36 1
228 1
496 1
785 1
42 1
547 1
301 1
20 1
789 1
695 1
751 1
750 1
187 1
217 1
287 1
174 1
49 1
771 1
576 1
79 1
836 1
636 1
304 1
690 1
67 1
688 1
459 1
517 1
662 1
300 1
443 1
572 1
357 1
849 1
385 1
535 1
223 1
889 1
38 1
574 1
178 1
559 1
896 1
729 1
569 1
204 1
454 1
783 1
825 1
713 1
794 1
626 1
518 1
551 1
60 1
112 1
252 1
860 1
831 1
721 1
440 1
506 1
830 1
395 1
416 1
727 1
822 1
449 1
766 1
650 1
460 1
362 1
69 1
424 1
34 1
428 1
352 1
782 1
678 1
696 1
37 1
500 1
540 1
317 1
733 1
879 1
291 1
597 1
583 1
795 1
876 1
863 1
802 1
886 1
586 1
784 1
318 1
439 1
660 1
466 1
244 2
786 2
807 2
104 2
701 2
343 2
276 2
550 2
401 2
826 2
69 2
836 2
381 2
732 2
318 2
795 2
101 2
373 2
714 2
204 2
64 2
712 2
182 2
743 2
890 2
848 2
512 2
393 2
547 2
574 2
708 2
543 2
397 2
817 2
135 2
455 2
487 2
201 2
764 2
734 2
136 2
784 2
765 2
210 2
752 2
109 2
176 2
50 2
624 2
49 2
725 2
481 2
467 2
724 2
648 2
763 2
727 2
731 2
324 2
410 2
511 2
380 2
409 2
424 2
97 2
154 2
67 2
874 2
453 2
608 2
835 2
85 2
243 2
8 2
533 2
829 2
429 2
679 2
430 2
895 2
572 2
841 2
177 2
820 2
205 2
609 2
190 2
232 2
130 2
234 2
847 2
810 2
723 2
813 2
438 2
611 2
251 2
396 2
744 2
139 2
361 2
565 2
774 2
153 2
521 2
362 2
174 2
504 2
842 2
592 2
411 2
209 2
781 2
457 2
336 2
713 2
387 2
406 2
151 2
454 2
840 2
76 2
208 2
307 2
226 2
144 3
277 3
345 3
485 3
756 3
214 3
308 3
313 3
782 3
638 3
856 3
467 3
424 3
714 3
473 3
209 3
760 3
122 3
217 3
170 3
810 3
715 3
242 3
426 3
723 3
744 3
418 3
68 3
562 3
671 3
268 3
665 3
9 3
897 3
77 3
72 3
841 3
569 3
347 3
271 3
223 3
771 3
737 3
639 3
460 3
509 3
840 3
556 3
615 3
614 3
817 3
32 3
97 3
787 3
110 3
443 3
635 3
316 3
137 3
623 3
847 3
646 3
276 210
839 431
276 263
276 581
216 581
210 394
647 16
136 194
310 16
426 210
807 431
330 136
210 310
371 210
136 581
371 426
330 263
807 194
330 647
426 263
310 581
216 16
394 581
431 194
426 194
807 310
136 812
839 216
426 839
371 581
693 16
216 136
330 16
426 216
807 263
310 812
136 394
371 136
394 194
371 16
394 263
647 263
807 426
426 812
426 647
371 839
431 330
210 839
807 16
330 194
210 216
839 581
276 136
210 263
807 839
431 263
426 276
581 16
210 647
839 263
330 394
693 647
310 263
839 310
899 900
900 901
901 902
902 903
903 904
904 905
905 906
906 907
907 908
908 909
909 910
910 911
911 912
912 913
913 914
914 915
915 916
916 917
917 918
918 919
919 920
920 921
921 922
922 923
923 924
924 925
925 926
926 927
927 928
928 929
929 930
930 931
931 932
932 933
933 934
934 935
935 936
936 937
937 938
938 939
939 940
940 941
941 942
942 943
943 944
944 945
945 946
946 947
947 948
948 949
949 950
950 951
951 952
952 953
953 954
954 955
955 956
956 957
957 958
958 959
959 960
960 961
961 962
962 963
963 964
964 965
965 966
966 967
967 968
968 969
969 970
970 971
971 972
972 973
973 974
974 975
975 976
976 977
977 978
978 979
979 980
980 981
981 982
982 983
983 984
984 985
985 986
986 987
987 988
988 989
989 990
990 991
991 992
992 993
993 994
994 995
995 996
996 997
997 998
998 999
999 899
999 998
998 997
997 996
996 995
995 994
994 993
993 992
992 991
991 990
990 989
989 988
988 987
987 986
986 985
985 984
984 983
983 982
982 981
981 980
980 979
979 978
978 977
977 976
976 975
975 974
974 973
973 972
972 971
971 970
970 969
969 968
968 967
967 966
966 965
965 964
964 963
963 962
962 961
961 960
960 959
959 958
958 957
957 956
956 955
955 954
954 953
953 952
952 951
951 950
950 949
949 948
948 947
947 946
946 945
945 944
944 943
943 942
942 941
941 940
940 939
939 938
938 937
937 936
936 935
935 934
934 933
933 932
932 931
931 930
930 929
929 928
928 927
927 926
926 925
925 924
924 923
923 922
922 921
921 920
920 919
919 918
918 917
917 916
916 915
915 914
914 913
913 912
912 911
911 910
910 909
909 908
908 907
907 906
906 905
905 904
904 903
903 902
902 901
901 900
899 1000
900 1000
901 1000
902 1000
903 1000
904 1000
905 1000
906 1000
907 1000
908 1000
909 1000
910 1000
911 1000
912 1000
913 1000
914 1000
915 1000
916 1000
917 1000
918 1000
919 1000
920 1000
921 1000
922 1000
923 1000
924 1000
925 1000
926 1000
927 1000
928 1000
929 1000
930 1000
931 1000
932 1000
933 1000
934 1000
935 1000
936 1000
937 1000
938 1000
939 1000
940 1000
941 1000
942 1000
943 1000
944 1000
945 1000
946 1000
947 1000
948 1000
949 1000
950 1000
951 1000
952 1000
953 1000
954 1000
955 1000
956 1000
957 1000
958 1000
959 1000
960 1000
961 1000
962 1000
963 1000
964 1000
965 1000
966 1000
967 1000
968 1000
969 1000
970 1000
971 1000
972 1000
973 1000
974 1000
975 1000
976 1000
977 1000
978 1000
979 1000
980 1000
981 1000
982 1000
983 1000
984 1000
985 1000
986 1000
987 1000
988 1000
989 1000
990 1000
991 1000
992 1000
993 1000
994 1000
995 1000
996 1000
997 1000
998 1000
999 1000
