1000
517
23 1
887 1
423 1
881 1
388 1
160 1
481 1
853 1
165 1
144 1
376 1
11 1
123 1
836 1
360 1
510 1
402 1
429 1
16 1
584 1
242 1
133 1
124 1
607 1
231 1
111 1
460 1
704 1
486 1
426 1
487 1
27 1
241 1
328 1
892 1
948 1
676 1
529 1
639 1
716 1
735 1
978 1
340 1
188 1
593 1
830 1
578 1
962 1
368 1
477 1
480 1
761 1
588 1
378 1
141 1
936 1
222 1
654 1
680 1
303 1
210 1
366 1
48 1
559 1
94 1
807 1
757 1
739 1
285 1
811 1
485 1
842 1
924 1
137 1
36 1
990 1
262 1
392 1
244 1
929 1
819 1
769 1
720 1
335 1
404 1
610 1
848 1
974 1
546 1
38 1
30 1
207 1
254 1
47 1
436 1
299 1
317 1
549 1
794 1
500 1
986 1
71 1
174 1
490 1
42 1
297 1
470 1
903 1
550 1
634 1
727 1
473 1
169 1
185 1
719 1
597 1
664 1
829 1
149 1
884 1
835 1
554 1
785 1
621 1
193 1
626 1
617 1
113 1
711 1
417 1
971 1
670 1
756 1
650 1
385 1
451 1
234 1
293 1
466 1
62 1
521 1
448 1
457 1
518 1
896 1
663 1
296 1
967 1
930 1
316 1
824 1
447 1
117 1
80 1
465 1
808 1
17 1
152 1
495 1
956 1
122 1
706 1
672 1
433 1
592 1
398 1
79 1
950 1
428 1
269 1
282 1
877 1
742 1
250 1
732 1
304 1
236 1
749 1
319 1
329 1
109 1
311 1
669 1
383 1
813 1
443 1
389 1
164 1
975 1
224 1
827 1
565 1
599 1
844 1
12 1
536 1
972 1
76 1
661 1
414 1
958 1
15 1
587 1
619 1
754 1
555 1
657 1
53 1
373 1
947 1
265 1
34 1
43 1
325 1
571 1
330 1
25 1
409 1
435 1
637 1
341 1
651 1
239 1
938 1
919 1
178 1
759 1
444 1
615 1
976 1
553 1
708 1
494 1
689 1
660 1
134 1
734 1
308 1
324 1
675 1
620 1
180 1
583 1
731 1
683 1
653 1
548 1
783 1
365 1
229 1
609 2
810 2
702 2
335 2
372 2
736 2
140 2
58 2
771 2
444 2
816 2
909 2
766 2
603 2
712 2
211 2
971 2
102 2
636 2
614 2
860 2
610 2
160 2
443 2
187 2
905 2
134 2
204 2
773 2
591 2
456 2
817 2
890 2
442 2
6 2
545 2
632 2
489 2
809 2
205 2
565 2
820 2
303 2
618 2
206 2
126 2
542 2
509 2
71 2
355 2
89 2
310 2
888 2
19 2
391 2
897 2
159 2
163 2
50 2
865 2
806 2
104 2
82 2
691 2
378 2
464 2
177 2
361 2
230 2
510 2
925 2
229 2
317 2
922 2
147 2
730 2
459 2
135 2
98 2
791 2
845 2
601 2
374 2
679 2
893 2
681 2
321 2
249 2
248 2
920 2
22 2
986 2
370 2
665 2
264 2
251 2
349 2
613 2
325 2
454 2
774 2
671 2
356 2
278 2
30 2
739 2
760 2
815 2
980 2
757 2
167 2
196 2
854 2
962 2
265 2
783 2
327 2
704 2
326 2
277 2
452 2
522 2
779 2
92 2
161 2
277 3
991 3
425 3
22 3
175 3
890 3
792 3
76 3
687 3
677 3
642 3
510 3
613 3
976 3
888 3
330 3
930 3
540 3
938 3
459 3
341 3
783 3
796 3
644 3
9 3
128 3
28 3
556 3
461 3
973 3
954 3
819 3
318 3
596 3
683 3
701 3
211 3
932 3
168 3
387 3
422 3
593 3
670 3
827 3
500 3
664 3
643 3
818 3
747 3
850 3
374 894
422 114
852 261
853 251
853 973
852 222
129 128
422 251
422 853
114 261
422 518
775 894
852 114
251 222
261 129
853 129
852 942
852 775
853 852
114 894
114 973
251 973
226 775
222 128
226 128
114 222
852 129
942 775
775 527
518 114
852 226
93 261
775 128
852 518
518 251
422 226
261 894
261 942
422 128
853 527
129 374
973 527
226 527
226 114
853 114
422 852
114 518
251 93
261 128
129 894
518 894
251 527
93 222
93 128
114 775
114 129
852 93
93 894
93 129
852 128
973 942
942 374
222 374
114 222
129 527
422 261
114 894
261 114
261 973
93 775
973 114
853 942
518 374
114 942
422 374
226 261
994 995
995 996
996 997
997 998
998 999
999 994
999 998
998 997
997 996
996 995
994 1000
995 1000
996 1000
997 1000
998 1000
999 1000
