1000
500
954 1
900 1
106 1
825 1
36 1
523 1
550 1
628 1
790 1
517 1
562 1
635 1
458 1
525 1
983 1
432 1
554 1
403 1
415 1
970 1
222 1
307 1
447 1
840 1
356 1
28 1
624 1
144 1
226 1
62 1
922 1
404 1
94 1
886 1
892 1
173 1
461 1
20 1
690 1
395 1
456 1
34 1
145 1
740 1
783 1
31 1
830 1
799 1
290 1
396 1
555 1
168 1
876 1
838 1
341 1
24 1
583 1
984 1
623 1
492 1
216 1
700 1
252 1
650 1
608 1
972 1
197 1
377 1
707 1
812 1
688 1
958 1
773 1
44 1
260 1
269 1
159 1
784 1
718 1
541 1
622 1
502 1
888 1
321 1
938 1
708 1
401 1
666 1
272 1
962 1
798 1
207 1
327 1
809 1
759 1
52 1
721 1
769 1
743 1
371 1
910 1
966 1
716 1
805 1
893 1
438 1
262 1
692 1
924 1
77 1
636 1
172 1
883 1
347 1
131 1
177 1
124 1
637 1
490 1
113 1
38 1
651 1
376 1
21 1
13 1
589 1
749 1
302 1
668 1
99 1
508 1
72 1
993 1
49 1
478 1
677 1
71 1
975 1
575 1
754 1
125 1
537 1
778 1
560 1
634 1
175 1
199 1
224 1
360 1
932 1
676 1
611 1
544 1
164 1
965 1
923 1
724 1
992 1
989 1
937 1
816 1
679 1
422 1
112 1
578 1
699 1
453 1
770 1
250 1
163 1
372 1
621 1
931 1
332 1
70 1
448 1
760 1
761 1
228 1
353 1
179 1
428 1
65 1
410 1
156 1
670 1
720 1
846 1
115 1
706 1
397 1
750 1
795 1
952 1
466 1
314 1
728 1
780 1
866 1
380 1
102 1
450 1
576 1
383 1
130 1
336 1
737 1
833 1
259 1
746 1
190 1
675 1
69 1
304 1
33 1
659 1
771 1
305 1
155 1
460 1
709 1
387 1
664 1
951 1
767 1
687 1
153 1
774 1
291 1
45 1
66 1
60 1
837 1
287 1
143 1
76 1
256 1
58 1
874 1
406 1
885 1
315 1
822 1
564 1
854 1
594 1
681 1
306 1
722 1
978 1
973 2
241 2
888 2
791 2
834 2
83 2
238 2
360 2
378 2
681 2
412 2
289 2
100 2
506 2
696 2
800 2
188 2
6 2
264 2
665 2
28 2
57 2
178 2
841 2
645 2
527 2
376 2
274 2
115 2
329 2
285 2
182 2
95 2
247 2
910 2
745 2
215 2
358 2
858 2
140 2
717 2
192 2
262 2
290 2
400 2
577 2
507 2
651 2
692 2
664 2
636 2
739 2
47 2
568 2
469 2
604 2
307 2
805 2
944 2
874 2
949 2
683 2
169 2
492 2
408 2
923 2
366 2
649 2
319 2
171 2
170 2
173 2
688 2
970 2
866 2
369 2
590 2
21 2
476 2
340 2
55 2
972 2
35 2
110 2
596 2
824 2
775 2
73 2
501 2
353 2
902 2
630 2
367 2
335 2
304 2
911 2
440 2
474 2
885 2
291 2
941 2
574 2
754 2
795 2
160 2
422 2
120 2
726 2
928 2
547 2
148 2
520 2
995 2
407 2
656 2
27 2
798 2
141 2
395 2
158 2
801 2
812 2
24 2
109 2
578 2
424 3
797 3
219 3
703 3
82 3
529 3
787 3
905 3
200 3
860 3
410 3
670 3
293 3
160 3
622 3
372 3
882 3
960 3
595 3
251 3
484 3
946 3
63 3
894 3
949 3
382 3
667 3
303 3
223 3
958 3
417 3
789 3
733 3
945 3
774 3
55 3
725 3
150 3
258 3
967 3
671 3
731 3
243 3
445 3
856 3
208 3
369 3
28 3
649 3
485 3
646 849
893 744
498 44
546 646
546 809
469 756
546 744
498 31
44 469
498 893
377 626
370 646
750 31
849 626
568 370
568 377
489 377
498 469
750 626
546 489
546 756
44 370
44 750
44 568
44 489
44 31
568 756
893 849
546 44
528 849
750 646
377 849
44 744
756 646
568 893
498 744
509 756
509 370
489 528
44 646
44 849
744 31
809 528
568 626
528 626
498 756
546 893
809 646
489 626
546 370
893 626
546 31
370 750
498 489
750 756
377 744
469 31
489 31
469 750
377 370
370 528
546 750
498 849
744 626
893 31
489 849
498 646
509 31
750 849
377 809
893 370
809 626
498 377
377 31
469 626
