10000
1000
4964 1
8649 1
2921 1
8370 1
6640 1
5328 1
7422 1
2487 1
7157 1
8460 1
8479 1
5364 1
4916 1
3302 1
6618 1
6462 1
9951 1
1406 1
6970 1
3413 1
2846 1
1447 1
2259 1
6750 1
4796 1
4539 1
9167 1
6495 1
5192 1
8646 1
5710 1
2928 1
1878 1
9113 1
34 1
4789 1
9083 1
492 1
9784 1
7199 1
5098 1
8566 1
8946 1
1189 1
5115 1
1136 1
1027 1
4621 1
7318 1
4839 1
4238 1
6144 1
8966 1
5796 1
4079 1
1630 1
5001 1
9062 1
4505 1
43 1
5218 1
4049 1
5042 1
466 1
6973 1
2540 1
3232 1
9367 1
764 1
3918 1
8410 1
3291 1
1444 1
6444 1
4742 1
5031 1
1180 1
7990 1
4391 1
8852 1
9606 1
8275 1
2347 1
6173 1
5504 1
1868 1
7777 1
5233 1
7861 1
882 1
2914 1
3929 1
9030 1
7500 1
6220 1
5818 1
2989 1
9853 1
1059 1
7131 1
2026 1
3913 1
5070 1
5761 1
4271 1
3212 1
3700 1
1965 1
8847 1
7435 1
384 1
6711 1
8289 1
6734 1
5225 1
8677 1
849 1
4070 1
7785 1
6514 1
2678 1
3428 1
7529 1
2620 1
5478 1
6602 1
4292 1
7307 1
392 1
2683 1
3175 1
4200 1
4344 1
7637 1
9666 1
9809 1
9014 1
5580 1
5893 1
6131 1
4950 1
9935 1
8228 1
7963 1
8197 1
8237 1
1260 1
4823 1
7769 1
3045 1
451 1
6566 1
10 1
1084 1
8942 1
5679 1
8314 1
1265 1
5170 1
3987 1
3277 1
9241 1
9456 1
1218 1
1154 1
7127 1
5373 1
1532 1
8048 1
8390 1
9991 1
5480 1
8827 1
7011 1
8680 1
7812 1
145 1
570 1
5671 1
348 1
4648 1
8274 1
7030 1
5178 1
6217 1
7346 1
2543 1
5763 1
1388 1
4971 1
5154 1
4158 1
3878 1
2711 1
2976 1
1112 1
6570 1
7490 1
1131 1
2504 1
8990 1
9891 1
6196 1
9283 1
2725 1
3613 1
2594 1
8819 1
1412 1
6134 1
7730 1
2790 1
5158 1
7773 1
8481 1
9653 1
2421 1
8883 1
8381 1
1813 1
4067 1
1839 1
2218 1
9105 1
8305 1
3963 1
8067 1
7623 1
9129 1
3639 1
6811 1
5568 1
1417 1
277 1
16 1
9772 1
5013 1
9059 1
5806 1
8563 1
1330 1
9661 1
3437 1
2273 1
5179 1
710 1
9652 1
9586 1
4153 1
8814 1
2950 1
2090 1
7235 1
7097 1
7962 1
7842 1
5342 1
3589 1
4493 1
2764 1
979 1
5669 1
1166 1
6123 1
6904 1
5562 1
7105 1
1482 1
7660 1
9127 1
9225 1
8022 1
9292 1
3308 1
8945 1
3420 1
1408 1
850 1
9977 1
2340 1
2087 1
4058 1
126 1
6055 1
5582 1
3631 1
543 1
4589 1
2199 1
5995 1
4883 1
3125 1
9195 1
5916 1
7676 1
4040 1
802 1
9564 1
5891 1
1472 1
2298 1
5103 1
4944 1
6098 1
5939 1
6313 1
9374 1
709 1
5335 1
2706 1
9011 1
2472 1
1054 1
3600 1
4841 1
6994 1
5579 1
8691 1
5744 1
7974 1
185 1
2767 1
6606 1
6439 1
320 1
5004 1
3540 1
9242 1
7366 1
4092 1
8669 1
8749 1
9754 1
2926 1
9566 1
6685 1
5929 1
4740 1
8956 1
9359 1
6794 1
5743 1
534 1
9981 1
5587 1
1831 1
7102 1
3521 1
4155 1
202 1
1496 1
2455 1
1239 1
4856 1
403 1
4776 1
5858 1
9683 1
9561 1
7554 1
6064 1
1309 1
2276 1
8187 1
7691 1
3630 1
8537 1
6316 1
8595 1
6948 1
8858 1
3147 1
1600 1
5713 1
1880 1
2630 1
1985 1
1323 1
4214 1
6118 1
5175 1
6490 1
5500 1
2763 1
5284 1
4819 1
4609 1
8890 1
9924 1
6786 1
7300 1
2782 1
5137 1
4967 1
3837 1
9997 1
1873 1
1034 1
9163 1
5775 1
1912 1
5336 1
1106 1
8991 1
5851 1
6847 1
5537 1
1903 1
2117 1
342 1
8150 1
8408 1
1972 1
2496 1
6091 1
6254 1
427 1
2293 1
6024 1
3841 1
6799 1
351 1
9805 1
1763 1
7080 1
2891 1
3148 1
1558 1
6571 1
920 1
761 1
9514 1
2330 1
5978 1
6700 1
3614 1
7167 1
4122 1
1057 1
7575 1
5699 1
9458 1
7587 1
9861 1
9753 1
3768 1
2272 1
5932 1
7780 1
7506 1
4587 1
2158 1
2786 1
6277 1
4282 1
1574 1
884 1
8923 1
1397 1
9074 1
4091 1
8137 1
5950 1
1615 1
7326 1
689 1
7237 1
1772 1
7765 1
9654 1
1419 1
4138 1
7158 1
787 1
5362 1
5477 1
6524 1
5896 1
2549 1
1519 1
4415 1
9972 1
1193 1
4128 1
1495 1
366 1
3220 1
7059 1
3903 1
7117 1
5124 1
6510 1
8686 1
283 1
6659 1
8671 1
3231 1
9677 1
1564 1
6654 2
7865 2
4557 2
3671 2
2578 2
6554 2
1835 2
3016 2
7002 2
334 2
4577 2
5562 2
4064 2
6224 2
1069 2
1408 2
644 2
5341 2
3640 2
6091 2
3294 2
9062 2
4822 2
2730 2
8085 2
1372 2
5469 2
976 2
2326 2
8904 2
5481 2
9052 2
6545 2
2192 2
131 2
9308 2
1579 2
7523 2
2422 2
8044 2
2989 2
4434 2
7012 2
8775 2
5154 2
5888 2
9347 2
5590 2
2790 2
7932 2
9282 2
7903 2
6028 2
6152 2
68 2
3964 2
4426 2
5669 2
1359 2
595 2
6458 2
4909 2
4030 2
8959 2
6879 2
8397 2
1734 2
9271 2
7384 2
1746 2
4581 2
1118 2
9237 2
7097 2
4755 2
1873 2
7562 2
9010 2
5716 2
3930 2
8456 2
6530 2
7514 2
8791 2
8402 2
737 2
4730 2
8436 2
361 2
1304 2
9268 2
947 2
4291 2
5637 2
4696 2
588 2
7455 2
9926 2
5 2
1062 2
741 2
615 2
8344 2
9849 2
5759 2
5819 2
3185 2
847 2
2200 2
9767 2
5156 2
5321 2
549 2
6419 2
5224 2
3702 2
8321 2
7969 2
8252 2
878 2
8365 2
3688 2
8424 2
4320 2
6122 2
648 2
6146 2
12 2
4768 2
5902 2
9787 2
7286 2
9719 2
5507 2
4958 2
1985 2
7707 2
4396 2
7510 2
1441 2
1792 2
2091 2
7829 2
899 2
5887 2
5054 2
3747 2
7961 2
7624 2
9492 2
8878 2
6229 2
3153 2
7052 2
6965 2
5717 2
5691 2
3716 2
3627 2
4761 2
1292 2
8234 2
6067 2
8754 2
5528 2
7873 2
1739 2
327 2
6074 2
2665 2
6099 2
9654 2
3724 2
5146 2
5103 2
283 2
5632 2
8861 2
3485 2
2305 2
6790 2
1750 2
2550 2
5063 2
4314 2
6479 2
1104 2
6136 2
9004 2
6117 2
5659 2
1708 2
2059 2
3379 2
4091 2
6153 2
5785 2
6589 2
6613 2
7635 3
9857 3
2245 3
3949 3
3311 3
9154 3
5496 3
6211 3
479 3
7874 3
378 3
5516 3
1454 3
6435 3
6514 3
8085 3
9541 3
2026 3
8087 3
7345 3
696 3
5666 3
269 3
3967 3
3339 3
994 3
2759 3
4711 3
5143 3
9020 3
4683 3
4833 3
4602 3
9873 3
277 3
1685 3
487 3
267 3
8007 3
5237 3
3402 3
3181 3
4814 3
567 3
3331 3
4315 3
7719 3
8685 3
7422 3
4273 3
9821 3
3336 3
2144 3
710 3
8647 3
993 3
4107 3
5216 3
4696 3
441 3
7084 3
2295 3
1260 3
8945 3
7567 3
1632 3
8494 3
4859 3
2398 3
2249 3
185 3
2675 3
8574 3
2742 3
505 3
9878 3
8099 3
3136 3
1779 3
1330 3
7020 3
6477 3
1914 3
8192 3
866 3
3077 3
533 3
6301 3
4650 3
1835 3
4497 3
512 3
691 3
9788 3
1920 3
1369 3
9808 3
4795 3
2138 3
6479 6504
5922 978
2060 3496
5719 42
586 6851
6810 5192
3616 6246
2370 6804
1309 5795
421 3844
793 9205
1499 905
9227 499
3042 5367
4230 250
2217 4862
9164 6707
8427 6316
3318 5383
9903 7867
8654 8017
9931 7129
6440 7179
3716 6122
9655 6332
7073 1318
304 5656
8968 4359
7409 8506
1543 5915
897 7480
1484 6829
6689 8710
2294 3443
2124 6855
5781 5678
2754 5874
4960 5730
7810 6932
6001 188
9002 5572
2255 1076
4849 914
8866 3818
6968 8064
7823 5449
3583 8389
7726 2300
7574 8554
9728 9284
5010 2458
4933 2926
6615 3157
3980 6926
3486 6852
2224 7643
2219 595
4064 4262
474 7010
2576 8129
7799 97
48 634
923 820
3439 7990
7914 2439
8676 1690
3398 5943
8208 8627
7221 5166
2091 3066
8686 6819
4861 1974
1924 4551
7431 7878
5189 439
2592 3770
6259 4166
8361 1203
3580 7436
5801 4752
7180 7507
8187 257
7130 6809
7585 2515
8608 1696
4446 6339
4165 4470
307 2301
1163 4505
3754 2404
215 3434
6837 8058
6824 5100
4846 5567
7913 8137
5251 6407
1704 6994
2719 7016
1446 5515
6784 5124
5303 5716
4053 8008
8863 8174
3283 1794
8231 58
2545 476
3207 5592
5919 6887
9765 9386
9256 5686
7545 3191
2314 4276
6643 7336
7340 9110
1447 247
7206 5694
6478 2447
2833 8304
5594 2308
2357 6716
9482 7999
9277 1251
5530 1605
821 6026
3823 2322
8533 7194
3520 2872
9989 8394
5053 9929
6728 399
5413 1082
4785 1216
9539 42
7077 8864
9399 153
9824 3839
7970 4664
2508 1420
5445 6076
4174 5588
1941 5499
5601 1265
4451 6030
7322 9127
8356 1298
2722 9175
579 3210
1267 9792
6340 8758
7002 9028
9404 2250
9882 5604
2893 9311
3100 3887
1276 2734
6637 1339
5330 9350
7010 6014
7949 896
5873 7132
9402 346
3808 221
459 1673
2399 1311
2363 8279
8000 1428
2510 1234
7582 6680
6152 4453
1441 8569
479 1981
9275 1292
38 7831
4375 7831
2302 4098
7014 1190
3901 2334
7917 758
2561 5365
2554 9652
454 148
4305 9490
3079 1558
2824 2631
4038 8461
4611 6354
7205 7754
8953 5507
3955 8885
1706 1605
5661 7863
1563 9896
4032 3806
3865 4995
6156 2574
9109 3180
2729 3570
2019 2046
4077 4805
1 7914
2 7914
3 7914
