10000
1000
962 1
6644 1
3553 1
3606 1
7014 1
4844 1
8068 1
7763 1
6875 1
8692 1
6566 1
7949 1
4123 1
8722 1
1520 1
1166 1
9908 1
3877 1
2659 1
1257 1
5777 1
1584 1
9349 1
4314 1
55 1
2516 1
6478 1
4032 1
2812 1
9334 1
1482 1
8432 1
8311 1
4811 1
97 1
930 1
1872 1
1685 1
456 1
6670 1
1890 1
1174 1
9015 1
1562 1
9703 1
8 1
4544 1
2528 1
8244 1
6129 1
2994 1
381 1
8799 1
733 1
2519 1
56 1
5364 1
9639 1
9300 1
1201 1
4705 1
6687 1
8109 1
1857 1
2367 1
4409 1
3903 1
8883 1
1456 1
9798 1
9357 1
3379 1
1878 1
8227 1
8319 1
5460 1
4459 1
9732 1
8302 1
8163 1
63 1
2714 1
5023 1
9772 1
3960 1
5062 1
721 1
4669 1
8035 1
7545 1
4996 1
4229 1
1829 1
8627 1
8987 1
9616 1
4147 1
2943 1
3257 1
932 1
7096 1
4877 1
3646 1
1282 1
9711 1
7221 1
3108 1
8818 1
6401 1
1243 1
5268 1
1224 1
8543 1
814 1
3576 1
7647 1
6216 1
4154 1
5771 1
507 1
4381 1
5646 1
5 1
3187 1
5994 1
23 1
3172 1
9568 1
5660 1
3921 1
9774 1
251 1
4456 1
4389 1
956 1
9436 1
4823 1
498 1
3347 1
8393 1
3717 1
3255 1
9677 1
9092 1
7284 1
3026 1
4911 1
5630 1
7757 1
3199 1
2886 1
8301 1
7542 1
2566 1
322 1
2321 1
4021 1
5488 1
1670 1
6731 1
6215 1
4357 1
2092 1
5217 1
7036 1
2511 1
19 1
1030 1
6475 1
1516 1
138 1
4413 1
8640 1
8245 1
3355 1
5839 1
9089 1
1719 1
7615 1
7102 1
782 1
5100 1
9320 1
2416 1
6307 1
6416 1
923 1
3844 1
8479 1
6970 1
8491 1
9701 1
5143 1
7359 1
5620 1
9341 1
4741 1
3436 1
7617 1
5699 1
3164 1
3968 1
7016 1
2340 1
9348 1
9734 1
5724 1
6816 1
7549 1
6521 1
8314 1
4558 1
7379 1
6117 1
5309 1
2200 1
7609 1
4082 1
3012 1
1068 1
6520 1
71 1
6451 1
7228 1
9335 1
6689 1
9554 1
3230 1
4219 1
8009 1
6115 1
5847 1
6997 1
5378 1
7146 1
271 1
6830 1
6536 1
6981 1
7140 1
8986 1
1313 1
544 1
1673 1
9638 1
8948 1
3216 1
3244 1
5529 1
8171 1
4748 1
2469 1
5782 1
2185 1
8362 1
2911 1
1738 1
6229 1
6696 1
8747 1
1268 1
9095 1
4773 1
1093 1
1428 1
4492 1
9545 1
1144 1
629 1
1223 1
7193 1
2597 1
7956 1
6978 1
9692 1
8793 1
4362 1
1921 1
6876 1
7581 1
6034 1
2169 1
4360 1
6075 1
3549 1
7450 1
8976 1
6052 1
7774 1
345 1
5152 1
726 1
3309 1
1568 1
386 1
6119 1
8735 1
2946 1
4624 1
6032 1
3919 1
1553 1
5080 1
4832 1
3393 1
6296 1
6430 1
2460 1
1145 1
2183 1
8173 1
2587 1
7026 1
2643 1
3508 1
3589 1
6382 1
8179 1
2612 1
9111 1
5013 1
2056 1
1615 1
80 1
60 1
6054 1
4653 1
7841 1
1742 1
9305 1
287 1
4889 1
757 1
8524 1
7245 1
8842 1
4152 1
9235 1
9974 1
9952 1
9074 1
833 1
1314 1
4627 1
6921 1
8318 1
8772 1
2118 1
8950 1
2214 1
7184 1
1788 1
7456 1
1497 1
3972 1
5311 1
3143 1
7822 1
5579 1
7740 1
1191 1
1013 1
8086 1
1504 1
7341 1
3853 1
4429 1
1893 1
1450 1
9852 1
9911 1
4539 1
9515 1
9036 1
6425 1
4686 1
4347 1
2969 1
7476 1
2491 1
613 1
4901 1
5322 1
6442 1
7721 1
1017 1
8567 1
6165 1
9905 1
2791 1
1351 1
5669 1
8569 1
8036 1
5328 1
8321 1
8821 1
17 1
9420 1
874 1
4156 1
948 1
4332 1
5485 1
9457 1
5635 1
6103 1
9981 1
7350 1
3227 1
8706 1
8673 1
2793 1
9610 1
3233 1
3979 1
7631 1
5551 1
281 1
5944 1
7915 1
1622 1
4266 1
3893 1
5853 1
7358 1
6087 1
9316 1
7046 1
7405 1
7659 1
7431 1
1691 1
770 1
6767 1
5363 1
1847 1
5974 1
6073 1
1259 1
7804 1
2661 1
7889 1
3994 1
4406 1
6532 1
2824 1
5887 1
7202 1
111 1
6540 1
504 1
1606 1
2167 1
4608 1
2104 1
2252 1
4313 1
3321 1
3822 1
7327 1
4765 1
2297 1
8296 1
4616 1
6315 1
3129 1
9278 1
5700 1
6636 1
3905 1
2878 1
6381 1
7021 1
6623 1
6868 1
8424 1
3319 1
7347 1
2019 1
5943 1
8885 1
1704 1
6387 1
2829 1
5594 1
6128 1
9463 1
2971 1
8785 1
6510 1
9760 1
8048 1
6586 1
789 1
5503 1
7892 1
4515 1
5358 1
2057 2
3616 2
1695 2
551 2
5071 2
1904 2
8994 2
967 2
9453 2
8103 2
9207 2
7264 2
199 2
8032 2
4787 2
6703 2
5932 2
3831 2
1271 2
9154 2
2941 2
8025 2
2201 2
2029 2
8553 2
9941 2
3099 2
7121 2
5360 2
8287 2
5615 2
4976 2
2685 2
5257 2
4872 2
9362 2
4372 2
7023 2
1319 2
2126 2
8495 2
2693 2
6111 2
4171 2
3868 2
4093 2
9142 2
8526 2
2701 2
419 2
4117 2
7488 2
3286 2
8295 2
9543 2
39 2
480 2
7467 2
8972 2
5770 2
6822 2
6224 2
7297 2
9911 2
2539 2
5607 2
791 2
9907 2
8570 2
1629 2
3844 2
1959 2
3020 2
2373 2
6994 2
3061 2
1954 2
8560 2
8038 2
7643 2
1493 2
3182 2
8476 2
1862 2
8193 2
535 2
6739 2
1580 2
7000 2
2247 2
5822 2
6958 2
4891 2
6454 2
5850 2
6732 2
925 2
3109 2
9869 2
1829 2
1006 2
3763 2
1139 2
3322 2
5278 2
8301 2
6077 2
942 2
5217 2
9737 2
6090 2
7590 2
7477 2
6559 2
6490 2
3978 2
2050 2
6239 2
8812 2
6362 2
5064 2
6420 2
7389 2
5985 2
4752 2
4722 2
5053 2
7039 2
2020 2
532 2
7051 2
8471 2
4034 2
3311 2
6188 2
1280 2
288 2
8540 2
5866 2
7099 2
5705 2
8279 2
8825 2
4234 2
3402 2
9996 2
3336 2
6257 2
9450 2
2611 2
2599 2
7955 2
7365 2
8492 2
4157 2
2398 2
350 2
2336 2
8120 2
780 2
7620 2
988 2
7198 2
913 2
4788 2
3269 2
5046 2
6192 2
5199 2
9257 2
4847 2
7256 2
5162 2
7953 2
3625 2
4616 2
4948 2
6215 2
263 2
6817 2
1342 2
4573 2
8040 2
2549 2
985 2
2990 2
7115 2
7891 2
6264 2
7851 2
2656 2
5077 2
3440 2
9534 2
251 2
6085 2
5629 2
5612 2
372 2
8595 3
9945 3
6639 3
8709 3
7627 3
2522 3
250 3
5762 3
4790 3
6062 3
9616 3
9334 3
2424 3
2384 3
4329 3
6210 3
9065 3
895 3
2599 3
7399 3
7879 3
2553 3
1552 3
2863 3
2520 3
8256 3
8407 3
8205 3
7416 3
277 3
6882 3
6589 3
2030 3
7131 3
7418 3
7991 3
855 3
3218 3
1004 3
2535 3
3946 3
3623 3
8972 3
9937 3
5148 3
1463 3
1911 3
61 3
9055 3
9412 3
7576 3
5661 3
7037 3
991 3
7092 3
6578 3
370 3
672 3
7577 3
1606 3
1638 3
1800 3
7821 3
4867 3
9121 3
4690 3
9984 3
9668 3
7246 3
3879 3
489 3
7483 3
4774 3
8789 3
8768 3
9754 3
2697 3
4757 3
1711 3
8783 3
2552 3
6964 3
9158 3
885 3
7029 3
4205 3
2977 3
8207 3
8732 3
9897 3
3506 3
2050 3
2014 3
619 3
7591 3
3630 3
9565 3
3484 3
6681 3
59 1459
5671 3346
9226 8148
8354 8385
1106 8492
1228 5650
8697 7702
2329 7653
1984 1219
7780 231
902 5455
1597 7362
8280 138
2273 978
2381 2086
7212 9448
1116 9233
109 3805
2061 9565
8803 8187
4095 574
5504 9109
4719 8171
507 6927
1147 5397
2592 1593
412 4086
257 8383
8667 1788
846 9661
55 5395
6840 3783
9801 2949
3302 3037
5865 1663
5738 1222
68 9037
1851 1152
1479 2687
2426 2600
8512 6410
9687 4438
5729 1963
3402 767
3036 3817
3791 6175
7925 9958
8265 9118
3443 7576
3580 2242
4011 2905
9534 1174
5587 6082
9259 8681
169 3770
140 545
6674 9707
7693 5192
7122 2023
7279 3361
4795 2645
9059 4856
479 439
2543 6382
1580 2532
5289 7625
5591 3426
3710 1561
3124 4253
3044 7914
2449 6032
7935 8755
4958 5168
5777 4622
9553 8981
5819 8486
6631 6040
6900 6851
2046 1372
6116 9193
5287 4435
1516 4125
3826 8604
9640 3231
9745 4820
104 3728
6659 4003
555 8169
8528 8747
4904 9564
2388 297
116 5088
5821 8190
6016 1255
7310 6649
6650 9525
101 2255
8689 2938
4032 286
3628 2112
8434 8663
1969 7599
6715 7293
1043 6077
5060 5489
5715 5605
7862 8224
9679 8194
2815 9041
1684 64
7146 2495
2498 5884
1755 1069
7209 5551
4257 9113
7657 2339
2290 9136
318 783
1342 3414
3032 3011
5573 5632
4873 2015
6527 4617
5711 716
3962 7412
6357 6785
4600 1184
8128 389
3778 8741
566 9080
4986 1441
8378 5659
6280 3011
429 226
2007 5742
3164 4932
9735 7359
6775 5850
6437 7558
5708 7752
3745 4751
4447 5541
4758 373
4387 191
5663 7946
7967 8394
9676 2886
1910 6909
9738 8565
1535 1211
1655 8478
7451 4061
7650 8961
2387 999
3198 3612
5575 6479
3271 3076
6278 1130
5425 5159
3261 605
44 2094
2078 8905
3935 4656
9980 8921
3774 5673
5349 3180
7462 8374
3603 8129
9691 9756
1381 9521
3976 4618
4219 2438
5733 8749
2320 8033
1034 4461
1612 3304
2675 6580
2229 2509
2645 1392
2943 9150
5096 766
2613 8938
4765 4350
2268 1972
5095 4401
4731 5538
5579 8938
4478 9669
4080 4932
9117 2510
70 4697
3843 7362
3616 9236
2715 8394
7445 3216
6514 6967
1695 6589
5282 2780
1829 4158
1 60
