1000
500
312 1
852 1
90 1
659 1
825 1
171 1
180 1
824 1
821 1
450 1
433 1
428 1
807 1
649 1
188 1
299 1
120 1
302 1
928 1
785 1
693 1
689 1
956 1
274 1
376 1
546 1
667 1
634 1
246 1
516 1
619 1
483 1
691 1
747 1
278 1
721 1
335 1
142 1
582 1
947 1
512 1
15 1
977 1
73 1
507 1
406 1
741 1
127 1
572 1
644 1
723 1
409 1
175 1
944 1
966 1
986 1
784 1
454 1
596 1
500 1
923 1
241 1
917 1
555 1
846 1
469 1
528 1
497 1
53 1
756 1
35 1
724 1
247 1
899 1
983 1
814 1
474 1
16 1
85 1
633 1
541 1
953 1
425 1
593 1
114 1
366 1
129 1
855 1
605 1
496 1
802 1
103 1
536 1
331 1
796 1
259 1
547 1
797 1
780 1
744 1
222 1
576 1
311 1
815 1
0 1
223 1
714 1
813 1
78 1
690 1
711 1
197 1
988 1
592 1
625 1
389 1
285 1
383 1
632 1
154 1
390 1
540 1
281 1
971 1
809 1
148 1
509 1
407 1
404 1
646 1
677 1
157 1
519 1
210 1
895 1
384 1
970 1
989 1
913 1
431 1
108 1
448 1
398 1
985 1
160 1
698 1
703 1
523 1
123 1
648 1
432 1
339 1
828 1
273 1
976 1
54 1
896 1
735 1
31 1
848 1
116 1
771 1
996 1
254 1
291 1
12 1
388 1
153 1
194 1
888 1
806 1
93 1
476 1
229 1
984 1
24 1
451 1
193 1
128 1
705 1
77 1
952 1
115 1
436 1
133 1
258 1
669 1
959 1
373 1
694 1
729 1
687 1
471 1
225 1
493 1
498 1
511 1
211 1
330 1
130 1
950 1
599 1
297 1
201 1
597 1
303 1
930 1
350 1
933 1
344 1
975 1
606 1
434 1
81 1
309 1
936 1
232 1
607 1
779 1
152 1
118 1
934 1
842 1
179 1
628 1
28 1
823 1
353 1
287 1
563 1
763 1
812 1
730 1
165 1
773 1
97 1
545 1
836 1
905 1
156 1
819 1
173 1
296 1
320 1
244 1
897 1
573 1
439 1
760 1
847 1
439 2
898 2
612 2
545 2
871 2
935 2
397 2
640 2
31 2
488 2
203 2
160 2
325 2
815 2
114 2
97 2
309 2
793 2
645 2
767 2
533 2
578 2
266 2
375 2
267 2
702 2
750 2
156 2
181 2
37 2
904 2
233 2
907 2
765 2
828 2
67 2
184 2
602 2
144 2
821 2
587 2
93 2
625 2
438 2
113 2
579 2
457 2
280 2
115 2
101 2
695 2
262 2
544 2
77 2
481 2
221 2
630 2
954 2
541 2
514 2
406 2
845 2
323 2
35 2
18 2
400 2
39 2
104 2
197 2
148 2
548 2
868 2
202 2
546 2
51 2
674 2
252 2
912 2
574 2
223 2
305 2
826 2
624 2
174 2
610 2
111 2
288 2
830 2
98 2
295 2
354 2
139 2
411 2
94 2
250 2
563 2
157 2
310 2
816 2
979 2
692 2
324 2
353 2
893 2
567 2
167 2
72 2
665 2
959 2
723 2
884 2
686 2
58 2
670 2
327 2
690 2
329 2
213 2
364 2
66 2
419 2
477 2
575 2
0 2
773 2
416 3
965 3
122 3
474 3
577 3
124 3
47 3
771 3
12 3
206 3
785 3
588 3
33 3
344 3
115 3
664 3
260 3
222 3
945 3
493 3
406 3
774 3
542 3
670 3
243 3
110 3
633 3
90 3
4 3
964 3
341 3
41 3
763 3
405 3
121 3
907 3
903 3
119 3
826 3
50 3
248 3
101 3
532 3
986 3
27 3
442 3
228 3
249 3
753 3
567 3
932 874
194 156
906 580
932 114
304 194
114 738
194 874
558 232
932 906
874 930
304 580
304 232
741 343
232 745
932 741
304 745
901 613
114 741
932 745
792 343
726 792
932 194
901 738
558 741
558 156
726 738
792 194
901 558
194 906
792 580
343 745
726 613
901 580
114 874
304 906
156 232
580 930
792 613
726 745
901 232
194 114
613 745
613 232
232 741
792 156
304 738
194 741
932 156
558 580
156 745
932 558
792 741
792 114
901 906
558 745
906 232
156 114
156 741
726 304
580 738
932 738
932 232
304 741
741 580
613 741
232 930
613 874
343 930
114 930
304 613
726 580
194 343
194 930
232 580
1 229
