1000
500
998 1
475 1
886 1
120 1
617 1
664 1
354 1
509 1
553 1
155 1
439 1
336 1
497 1
474 1
565 1
864 1
23 1
189 1
355 1
649 1
824 1
632 1
790 1
262 1
913 1
84 1
136 1
666 1
862 1
906 1
326 1
833 1
603 1
879 1
151 1
712 1
703 1
880 1
957 1
328 1
924 1
234 1
53 1
32 1
117 1
488 1
63 1
929 1
688 1
412 1
26 1
655 1
338 1
287 1
984 1
728 1
758 1
426 1
305 1
554 1
926 1
464 1
800 1
708 1
90 1
19 1
55 1
331 1
513 1
137 1
408 1
970 1
604 1
476 1
24 1
748 1
332 1
294 1
707 1
280 1
643 1
564 1
791 1
184 1
9 1
401 1
249 1
265 1
335 1
128 1
985 1
347 1
512 1
208 1
210 1
140 1
735 1
51 1
38 1
482 1
737 1
685 1
518 1
219 1
36 1
343 1
893 1
493 1
667 1
96 1
562 1
738 1
297 1
471 1
933 1
276 1
79 1
86 1
240 1
289 1
613 1
596 1
366 1
277 1
911 1
795 1
441 1
47 1
883 1
467 1
70 1
978 1
747 1
301 1
211 1
156 1
796 1
853 1
651 1
129 1
710 1
18 1
517 1
658 1
157 1
272 1
395 1
786 1
50 1
930 1
242 1
231 1
363 1
679 1
209 1
273 1
64 1
237 1
113 1
83 1
192 1
849 1
773 1
587 1
216 1
154 1
325 1
839 1
872 1
28 1
158 1
630 1
281 1
385 1
75 1
112 1
462 1
674 1
592 1
987 1
962 1
483 1
895 1
571 1
311 1
97 1
859 1
322 1
279 1
479 1
434 1
161 1
339 1
171 1
284 1
851 1
637 1
525 1
25 1
438 1
814 1
39 1
844 1
468 1
959 1
777 1
420 1
761 1
139 1
520 1
958 1
180 1
858 1
908 1
934 1
650 1
873 1
528 1
45 1
640 1
197 1
225 1
875 1
971 1
357 1
69 1
330 1
727 1
340 1
646 1
982 1
742 1
915 1
17 1
762 1
193 1
345 1
243 1
107 1
104 1
510 1
263 1
459 1
88 1
549 1
463 1
430 1
255 1
374 1
619 1
251 2
786 2
988 2
828 2
162 2
799 2
778 2
794 2
206 2
475 2
323 2
868 2
80 2
827 2
898 2
156 2
931 2
462 2
446 2
548 2
76 2
735 2
911 2
824 2
636 2
899 2
573 2
813 2
119 2
843 2
785 2
98 2
782 2
955 2
880 2
983 2
120 2
189 2
891 2
793 2
241 2
552 2
176 2
274 2
34 2
654 2
77 2
986 2
630 2
16 2
18 2
879 2
175 2
412 2
258 2
683 2
496 2
628 2
954 2
118 2
417 2
522 2
357 2
621 2
96 2
173 2
814 2
881 2
360 2
411 2
688 2
38 2
261 2
236 2
998 2
11 2
110 2
457 2
806 2
682 2
43 2
904 2
590 2
601 2
223 2
633 2
526 2
420 2
771 2
694 2
240 2
768 2
295 2
485 2
273 2
527 2
436 2
312 2
262 2
728 2
512 2
561 2
745 2
968 2
937 2
859 2
350 2
60 2
301 2
205 2
549 2
932 2
851 2
445 2
938 2
830 2
352 2
944 2
581 2
40 2
174 2
489 2
355 2
609 2
805 2
254 3
990 3
719 3
495 3
957 3
16 3
754 3
269 3
179 3
221 3
237 3
509 3
880 3
488 3
418 3
370 3
246 3
366 3
172 3
87 3
740 3
462 3
945 3
590 3
850 3
996 3
642 3
953 3
594 3
900 3
138 3
763 3
928 3
558 3
727 3
591 3
793 3
548 3
268 3
735 3
149 3
203 3
260 3
98 3
184 3
385 3
694 3
135 3
756 3
660 3
350 14
176 913
417 892
890 14
892 176
675 482
675 563
563 14
892 336
563 913
417 336
417 405
336 913
675 14
675 913
892 913
482 532
350 176
563 482
321 405
892 890
890 405
417 592
913 14
913 534
321 890
956 405
913 405
336 14
675 303
482 956
321 534
563 830
675 350
890 534
417 303
892 482
176 336
303 321
592 532
321 913
350 892
482 405
675 321
303 14
417 956
350 830
892 534
321 956
336 534
303 534
675 592
534 405
532 956
303 913
417 176
303 890
675 176
176 956
482 890
321 592
303 592
176 534
592 14
417 14
176 830
303 830
482 14
892 14
592 956
336 956
675 956
336 830
563 592
1 4
