10000
1000
7088 1
7497 1
9729 1
167 1
1808 1
9108 1
9784 1
5234 1
4146 1
2744 1
8367 1
5458 1
8355 1
5527 1
9782 1
5528 1
1588 1
8392 1
1425 1
9634 1
6188 1
2692 1
7726 1
5026 1
4883 1
696 1
4425 1
3907 1
2322 1
1408 1
6815 1
6998 1
9209 1
3195 1
2760 1
6753 1
1666 1
4323 1
1527 1
3375 1
6657 1
7910 1
2479 1
3603 1
8804 1
1139 1
615 1
6398 1
7821 1
5357 1
1858 1
8122 1
3015 1
9691 1
2138 1
7040 1
9032 1
7056 1
4212 1
2707 1
2628 1
9184 1
9785 1
6343 1
3948 1
3958 1
4581 1
9877 1
8310 1
5654 1
4010 1
2972 1
9261 1
561 1
4269 1
7158 1
1907 1
8183 1
6646 1
9936 1
6682 1
8205 1
8983 1
5847 1
2206 1
3080 1
4432 1
9301 1
6349 1
7322 1
9510 1
2083 1
5918 1
2975 1
936 1
7320 1
4176 1
8341 1
1678 1
761 1
5725 1
9630 1
5412 1
1153 1
3322 1
804 1
8100 1
5254 1
3342 1
9081 1
479 1
7694 1
4141 1
8400 1
5043 1
7308 1
6882 1
5887 1
1817 1
9057 1
4123 1
7463 1
8710 1
260 1
8408 1
1349 1
5162 1
8729 1
5180 1
6170 1
248 1
5601 1
4980 1
9584 1
4634 1
2764 1
4737 1
3062 1
1312 1
6782 1
7134 1
6332 1
4294 1
7511 1
4259 1
5072 1
1222 1
8229 1
4910 1
4693 1
4439 1
5129 1
4528 1
6179 1
8419 1
9494 1
1308 1
7588 1
9953 1
7280 1
9815 1
6598 1
5341 1
3096 1
9845 1
4052 1
7106 1
5181 1
2796 1
7801 1
1229 1
9080 1
6333 1
2308 1
9875 1
2420 1
1552 1
8981 1
1215 1
5194 1
140 1
7437 1
9038 1
4329 1
181 1
7765 1
5982 1
8376 1
2645 1
1237 1
6346 1
1794 1
9693 1
3627 1
7735 1
8692 1
897 1
3338 1
2980 1
4409 1
212 1
2155 1
2652 1
3408 1
7311 1
4594 1
8406 1
413 1
1421 1
4767 1
2268 1
6047 1
6533 1
1258 1
342 1
9770 1
1072 1
2696 1
6963 1
6878 1
9119 1
6318 1
22 1
8089 1
5806 1
8985 1
4904 1
6121 1
1494 1
6403 1
1852 1
5169 1
7062 1
4703 1
6478 1
5076 1
7148 1
6147 1
1996 1
8458 1
2552 1
3169 1
1352 1
901 1
6581 1
1406 1
1529 1
9717 1
2948 1
6991 1
4410 1
3849 1
2348 1
8313 1
5971 1
3864 1
2410 1
244 1
5712 1
5598 1
6482 1
8477 1
7981 1
2777 1
1652 1
2384 1
6640 1
956 1
3985 1
2525 1
7317 1
6641 1
6688 1
1125 1
6930 1
5020 1
4168 1
8280 1
3673 1
7677 1
5050 1
1899 1
2766 1
7723 1
8653 1
2378 1
8925 1
1979 1
1917 1
1594 1
7297 1
5128 1
7380 1
1577 1
2113 1
6460 1
2790 1
1497 1
3241 1
3749 1
2329 1
7806 1
4597 1
9077 1
2185 1
6369 1
8768 1
1581 1
3263 1
8144 1
6058 1
4749 1
7999 1
2441 1
8717 1
4583 1
2436 1
6847 1
145 1
5292 1
1461 1
2070 1
9285 1
7003 1
609 1
3781 1
5275 1
4097 1
5955 1
878 1
1220 1
4311 1
606 1
2015 1
8076 1
5331 1
4768 1
6910 1
6958 1
6013 1
5149 1
1509 1
8283 1
1935 1
6136 1
3877 1
1896 1
1611 1
3149 1
7344 1
1599 1
9051 1
8339 1
9543 1
9083 1
7825 1
2635 1
2219 1
4707 1
6965 1
367 1
8607 1
4309 1
4616 1
6069 1
3784 1
9092 1
9702 1
4999 1
1821 1
3786 1
2450 1
648 1
7598 1
869 1
1883 1
4220 1
9894 1
8665 1
3077 1
1897 1
299 1
4891 1
3184 1
5595 1
9612 1
9971 1
5023 1
8505 1
9344 1
6812 1
2371 1
8735 1
2754 1
7477 1
7964 1
1190 1
970 1
6816 1
172 1
9795 1
6464 1
1456 1
539 1
4366 1
3993 1
5049 1
9595 1
1791 1
4136 1
3551 1
3109 1
9841 1
4909 1
2454 1
5953 1
2370 1
8547 1
6575 1
3931 1
5816 1
3582 1
675 1
5201 1
984 1
2152 1
7683 1
856 1
870 1
4020 1
5152 1
9411 1
7133 1
5117 1
5075 1
7046 1
662 1
6709 1
269 1
8226 1
6949 1
7348 1
5246 1
426 1
5596 1
6087 1
5193 1
2099 1
6647 1
2405 1
8393 1
1984 1
6738 1
5310 1
1736 1
4150 1
2804 1
4927 1
7011 1
7586 1
6305 1
344 1
9470 1
8957 1
8680 1
683 1
9883 1
6981 1
1872 1
6800 1
4295 1
348 1
3676 1
6915 1
5454 1
8185 1
8255 1
4849 1
5048 1
4170 1
2182 1
1036 1
3193 1
3465 1
9895 1
7238 1
5923 1
3133 1
1789 1
6299 1
5499 1
5335 1
210 1
9269 1
8101 1
3815 1
4509 1
5439 1
2195 1
8752 2
4155 2
832 2
4680 2
584 2
8755 2
9031 2
6128 2
4078 2
9449 2
1588 2
4650 2
550 2
497 2
4358 2
1346 2
2482 2
1229 2
1444 2
1145 2
4220 2
5418 2
5431 2
8324 2
7818 2
1182 2
2111 2
1964 2
2742 2
7313 2
9153 2
2764 2
4057 2
4158 2
350 2
9089 2
4371 2
1790 2
8316 2
8371 2
4256 2
9545 2
5927 2
7777 2
575 2
5669 2
8973 2
5496 2
4772 2
7419 2
3690 2
9388 2
7837 2
4425 2
9568 2
1912 2
2870 2
6201 2
3102 2
1174 2
3955 2
2238 2
3599 2
9232 2
5662 2
35 2
1412 2
3799 2
7482 2
9323 2
3536 2
7828 2
4760 2
2770 2
7094 2
370 2
9523 2
1382 2
724 2
9998 2
6045 2
7009 2
2933 2
783 2
5943 2
4873 2
3986 2
1784 2
6759 2
4086 2
6824 2
4745 2
1411 2
8618 2
5538 2
6021 2
6151 2
6536 2
749 2
8184 2
6582 2
4723 2
2334 2
5245 2
8741 2
6938 2
8920 2
4548 2
7624 2
2100 2
4566 2
2578 2
5146 2
5610 2
3162 2
3078 2
4346 2
1142 2
75 2
5871 2
5237 2
7247 2
4581 2
4300 2
3330 2
6714 2
3127 2
8739 2
1804 2
7495 2
1344 2
4272 2
3633 2
6454 2
8772 2
8879 2
475 2
7529 2
3228 2
1755 2
3916 2
2762 2
4900 2
5637 2
4200 2
8423 2
380 2
815 2
6765 2
2898 2
2728 2
8092 2
8876 2
8216 2
5151 2
3319 2
3361 2
5021 2
1017 2
7377 2
2802 2
9102 2
827 2
5244 2
8136 2
3093 2
618 2
47 2
5199 2
5880 2
8843 2
4797 2
3925 2
1466 2
911 2
2926 2
5193 2
6141 2
325 2
6059 2
1045 2
6955 2
3305 2
1577 2
9091 2
2854 2
9003 2
5100 2
643 2
3443 2
678 2
906 2
1294 2
6126 2
9865 2
5725 2
6971 2
4823 2
6834 2
2246 3
7395 3
5384 3
6276 3
6140 3
2259 3
1788 3
1134 3
3988 3
5139 3
4196 3
6710 3
8281 3
595 3
540 3
3865 3
7317 3
1024 3
7995 3
5482 3
5403 3
6885 3
9666 3
7897 3
6114 3
1690 3
5254 3
2463 3
647 3
1294 3
462 3
1426 3
1817 3
110 3
1203 3
8123 3
6714 3
3508 3
5930 3
382 3
3966 3
9553 3
7733 3
3670 3
1140 3
1550 3
6765 3
638 3
135 3
1393 3
8547 3
8255 3
2774 3
3594 3
5811 3
5755 3
144 3
3999 3
6284 3
3420 3
2826 3
6679 3
5717 3
6040 3
3433 3
9693 3
6089 3
8107 3
9951 3
8701 3
95 3
120 3
4028 3
2714 3
8698 3
7014 3
1079 3
2417 3
2187 3
2250 3
4401 3
2532 3
5797 3
4018 3
1158 3
3236 3
5302 3
8934 3
1071 3
2374 3
2242 3
7067 3
2566 3
3780 3
9284 3
6246 3
9966 3
1256 3
5212 3
3821 5184
1251 7543
1666 3653
3334 7176
2945 3803
287 8631
1491 8596
6927 2259
6583 3465
7672 8543
3736 4162
30 2360
8446 4827
3443 5123
6268 884
9845 5597
8506 7827
6768 2789
6151 1680
2776 7541
1393 3105
4323 1214
8732 2013
4149 7589
8680 2114
725 7581
7279 6562
4427 8047
9840 5677
3039 4611
4533 2690
4821 7083
5392 4623
6837 5350
9628 4967
508 1739
1647 3421
4444 1098
4856 1975
5879 5829
6122 1536
4534 2831
341 4761
2913 1443
2979 5245
5129 2046
4034 3050
6775 5786
9529 1043
6466 1607
9369 9831
2474 5184
7086 8161
124 8208
8298 1235
5160 6905
7962 6778
4126 5526
4386 3148
871 7336
3440 6904
1768 2074
2246 250
170 2476
2835 484
9884 268
5600 6153
5606 1144
6841 2669
1007 2430
3907 3035
3052 4845
9753 9499
3422 2353
6592 7196
6288 1536
1146 6517
6125 5599
5259 8770
4039 8645
9189 37
634 3379
4849 5372
8037 246
8281 3897
5224 17
4127 7342
4525 706
3780 8387
5990 1038
2085 5073
4925 302
593 6969
3698 9234
1274 624
658 8962
9915 7043
2051 4611
5536 2713
4497 7644
6295 7775
62 8543
2150 3200
1431 5679
9463 5496
47 724
2518 7089
7904 9866
3156 8636
8815 4488
9559 3235
9997 8282
7569 270
2573 738
8457 9406
6482 7789
8409 5257
8765 5158
9288 6461
3808 7329
9931 2663
7863 5307
6179 969
5899 3874
8434 4582
5793 7732
4109 6506
7398 7845
1822 3932
7564 482
9596 7495
4048 5007
969 8818
7542 3412
3867 7311
1798 3316
3066 862
661 4082
4741 304
8834 822
6373 9163
7733 5430
5382 7467
7896 5654
621 8637
2414 1591
2136 79
9521 3311
5675 1135
6038 9722
8293 2885
6673 9868
6714 4408
8556 8498
9624 1893
5252 9916
2238 6511
3641 4972
8821 4740
6910 4633
6378 7139
4213 8696
5584 4540
8668 5786
2886 8148
7580 6882
5204 9556
2737 3739
7125 6314
8579 3605
59 9566
6949 7440
8789 2798
2592 8014
7778 8021
6430 9625
3210 2149
3696 5705
4036 612
3183 2069
8020 5718
5241 7020
909 4880
4317 6264
5353 3430
1059 4352
2308 3419
2145 6458
5200 8937
7824 7471
6935 6473
5592 3139
962 5452
3025 6797
7214 1756
7229 4878
8659 4484
6334 309
1694 3049
1 1050
2 1050
