1000
500
852 1
126 1
319 1
404 1
937 1
678 1
157 1
291 1
535 1
65 1
422 1
365 1
950 1
240 1
690 1
382 1
21 1
155 1
992 1
864 1
470 1
528 1
278 1
134 1
695 1
35 1
440 1
248 1
813 1
283 1
880 1
339 1
235 1
139 1
546 1
261 1
625 1
387 1
57 1
31 1
780 1
201 1
707 1
907 1
132 1
926 1
662 1
962 1
263 1
8 1
197 1
318 1
611 1
221 1
543 1
272 1
653 1
301 1
296 1
109 1
292 1
596 1
674 1
45 1
762 1
73 1
216 1
913 1
796 1
243 1
519 1
185 1
488 1
213 1
140 1
827 1
843 1
295 1
178 1
676 1
441 1
407 1
6 1
429 1
26 1
55 1
518 1
744 1
874 1
842 1
920 1
970 1
711 1
56 1
866 1
545 1
460 1
358 1
699 1
19 1
783 1
552 1
361 1
156 1
900 1
734 1
435 1
112 1
924 1
949 1
607 1
841 1
574 1
144 1
233 1
246 1
250 1
395 1
557 1
649 1
251 1
294 1
408 1
303 1
829 1
345 1
399 1
18 1
304 1
497 1
20 1
846 1
683 1
825 1
166 1
239 1
50 1
713 1
735 1
636 1
550 1
541 1
465 1
522 1
384 1
413 1
268 1
181 1
730 1
731 1
136 1
61 1
212 1
931 1
953 1
724 1
287 1
858 1
896 1
684 1
222 1
602 1
680 1
633 1
688 1
168 1
929 1
346 1
265 1
828 1
857 1
116 1
739 1
25 1
496 1
500 1
86 1
27 1
719 1
459 1
420 1
902 1
385 1
79 1
514 1
59 1
225 1
434 1
965 1
30 1
204 1
704 1
515 1
591 1
910 1
323 1
644 1
256 1
701 1
249 1
645 1
245 1
925 1
654 1
198 1
331 1
615 1
945 1
635 1
343 1
944 1
425 1
640 1
403 1
795 1
679 1
927 1
766 1
91 1
549 1
423 1
119 1
360 1
218 1
208 1
300 1
879 1
712 1
377 1
746 1
161 1
659 1
799 1
458 1
554 1
392 1
74 1
860 1
592 1
767 1
485 1
490 1
691 1
736 1
569 1
897 1
909 1
264 1
394 1
572 1
142 2
472 2
302 2
997 2
128 2
460 2
126 2
116 2
827 2
502 2
639 2
239 2
265 2
18 2
385 2
375 2
708 2
716 2
161 2
447 2
509 2
132 2
452 2
12 2
735 2
771 2
747 2
107 2
319 2
770 2
699 2
752 2
180 2
236 2
414 2
158 2
861 2
737 2
648 2
753 2
940 2
241 2
879 2
633 2
998 2
541 2
79 2
774 2
634 2
268 2
395 2
456 2
796 2
910 2
947 2
899 2
73 2
124 2
624 2
529 2
820 2
492 2
277 2
745 2
348 2
511 2
443 2
373 2
29 2
379 2
352 2
194 2
413 2
704 2
550 2
56 2
323 2
803 2
778 2
950 2
726 2
972 2
889 2
900 2
566 2
50 2
802 2
953 2
890 2
760 2
765 2
848 2
189 2
866 2
146 2
205 2
129 2
943 2
240 2
64 2
559 2
275 2
262 2
944 2
522 2
504 2
828 2
864 2
10 2
923 2
322 2
812 2
139 2
586 2
227 2
703 2
500 2
175 2
117 2
724 2
698 2
279 2
496 2
663 2
91 2
521 3
22 3
211 3
204 3
249 3
917 3
822 3
544 3
907 3
578 3
863 3
655 3
382 3
747 3
740 3
731 3
201 3
381 3
852 3
250 3
11 3
695 3
46 3
473 3
671 3
799 3
769 3
527 3
989 3
197 3
271 3
759 3
555 3
865 3
560 3
297 3
954 3
787 3
47 3
842 3
889 3
760 3
581 3
701 3
99 3
142 3
266 3
567 3
510 3
474 3
949 612
230 89
24 362
612 89
949 138
230 930
362 485
310 537
354 41
138 354
485 930
537 547
949 485
354 310
230 593
101 534
230 949
949 354
310 411
138 534
354 612
534 485
230 537
593 930
362 89
230 354
101 354
949 310
485 89
310 593
593 236
593 537
593 411
230 411
24 930
24 534
24 485
593 612
362 612
230 41
101 930
534 354
411 537
138 41
612 485
930 547
24 354
362 593
101 138
354 593
354 89
612 930
949 41
612 537
310 930
41 411
89 537
949 24
24 89
138 485
101 236
534 593
310 89
101 485
41 236
362 236
230 612
101 89
362 411
230 534
612 411
236 537
101 593
1 4
2 4
