1000
500
740 1
327 1
47 1
735 1
748 1
114 1
397 1
808 1
297 1
67 1
575 1
54 1
966 1
607 1
470 1
834 1
155 1
646 1
448 1
419 1
949 1
983 1
165 1
870 1
463 1
842 1
437 1
503 1
662 1
246 1
947 1
380 1
907 1
365 1
489 1
16 1
211 1
690 1
158 1
767 1
550 1
212 1
639 1
658 1
151 1
670 1
85 1
851 1
264 1
626 1
957 1
133 1
560 1
138 1
921 1
127 1
183 1
688 1
554 1
269 1
309 1
883 1
73 1
227 1
566 1
93 1
951 1
563 1
500 1
698 1
900 1
350 1
345 1
752 1
346 1
797 1
177 1
706 1
980 1
453 1
777 1
835 1
899 1
829 1
979 1
351 1
545 1
940 1
677 1
783 1
905 1
281 1
699 1
544 1
836 1
170 1
875 1
429 1
322 1
839 1
145 1
55 1
276 1
123 1
756 1
812 1
319 1
228 1
189 1
888 1
666 1
657 1
120 1
41 1
820 1
94 1
837 1
475 1
37 1
522 1
601 1
339 1
689 1
326 1
376 1
536 1
770 1
502 1
685 1
34 1
6 1
593 1
549 1
695 1
329 1
571 1
803 1
61 1
89 1
844 1
125 1
128 1
930 1
778 1
671 1
43 1
74 1
490 1
139 1
559 1
426 1
895 1
708 1
774 1
92 1
18 1
15 1
591 1
249 1
273 1
530 1
471 1
762 1
936 1
676 1
440 1
8 1
743 1
255 1
790 1
710 1
109 1
196 1
731 1
579 1
937 1
299 1
533 1
325 1
154 1
869 1
504 1
446 1
28 1
611 1
893 1
538 1
371 1
754 1
476 1
90 1
619 1
531 1
424 1
720 1
381 1
295 1
293 1
943 1
849 1
711 1
31 1
821 1
939 1
407 1
259 1
45 1
216 1
394 1
203 1
715 1
841 1
367 1
50 1
57 1
761 1
653 1
483 1
687 1
467 1
810 1
523 1
405 1
459 1
282 1
673 1
44 1
638 1
398 1
333 1
256 1
816 1
753 1
696 1
438 1
813 1
116 1
434 1
306 1
665 1
682 1
21 1
411 1
683 1
38 1
931 1
505 1
859 1
863 1
277 2
975 2
480 2
992 2
427 2
327 2
993 2
951 2
935 2
352 2
791 2
581 2
211 2
617 2
735 2
560 2
501 2
850 2
10 2
187 2
252 2
336 2
959 2
166 2
376 2
320 2
411 2
749 2
47 2
177 2
799 2
203 2
439 2
315 2
681 2
983 2
597 2
549 2
478 2
512 2
946 2
728 2
923 2
873 2
25 2
210 2
634 2
222 2
23 2
839 2
752 2
396 2
777 2
343 2
467 2
69 2
317 2
236 2
843 2
459 2
337 2
507 2
414 2
399 2
60 2
523 2
695 2
394 2
323 2
788 2
962 2
130 2
24 2
185 2
795 2
153 2
381 2
339 2
544 2
730 2
779 2
223 2
385 2
623 2
90 2
406 2
547 2
217 2
738 2
109 2
42 2
393 2
558 2
282 2
569 2
155 2
860 2
909 2
43 2
573 2
36 2
613 2
766 2
961 2
143 2
28 2
458 2
539 2
644 2
517 2
446 2
904 2
27 2
377 2
176 2
29 2
432 2
139 2
40 2
641 2
911 2
661 2
543 2
513 2
947 3
588 3
116 3
926 3
603 3
4 3
800 3
194 3
495 3
796 3
148 3
399 3
730 3
463 3
861 3
683 3
568 3
528 3
6 3
398 3
985 3
993 3
168 3
975 3
149 3
824 3
111 3
136 3
982 3
362 3
339 3
823 3
771 3
45 3
747 3
746 3
753 3
501 3
443 3
502 3
420 3
256 3
677 3
156 3
318 3
457 3
921 3
145 3
536 3
721 967
213 548
769 354
831 40
610 865
863 500
881 684
247 930
380 590
840 891
257 439
151 980
156 456
142 507
187 153
255 216
708 120
615 826
815 354
596 10
61 464
924 550
552 795
956 784
748 254
154 508
627 995
337 865
144 890
893 981
308 519
189 305
63 589
305 8
694 559
703 16
311 116
297 190
782 48
423 463
647 38
611 871
568 288
468 55
384 759
335 321
698 554
413 821
848 266
699 622
594 425
836 558
276 135
544 360
780 523
199 538
303 800
529 842
416 341
356 554
461 543
441 371
300 709
781 160
671 336
206 660
229 74
527 460
565 470
67 946
643 403
950 526
593 607
114 267
1 212
2 212
