10000
1000
2002 1
9274 1
5722 1
4723 1
2561 1
817 1
6503 1
7965 1
632 1
6362 1
2146 1
9612 1
4043 1
3841 1
2096 1
5438 1
2403 1
593 1
5001 1
8937 1
716 1
7589 1
2335 1
7843 1
8448 1
4432 1
9340 1
1094 1
7238 1
2664 1
6600 1
6669 1
2739 1
574 1
4206 1
4766 1
7434 1
8125 1
1164 1
9743 1
2425 1
5912 1
3357 1
2588 1
4037 1
8799 1
8714 1
4734 1
1907 1
9874 1
896 1
697 1
9072 1
5108 1
6398 1
243 1
6045 1
3459 1
6627 1
5607 1
2056 1
3175 1
306 1
6719 1
977 1
8499 1
1991 1
2619 1
7641 1
8505 1
3427 1
3069 1
1058 1
3605 1
4378 1
683 1
3299 1
7827 1
5621 1
900 1
5369 1
2597 1
6860 1
8738 1
9057 1
9941 1
1493 1
9189 1
1767 1
2626 1
5815 1
4134 1
6743 1
7173 1
6176 1
84 1
8026 1
5806 1
1753 1
3961 1
7438 1
8470 1
3200 1
560 1
5449 1
2690 1
2471 1
336 1
7552 1
2065 1
2174 1
7617 1
3759 1
6697 1
2349 1
760 1
6772 1
4663 1
2974 1
5828 1
4113 1
5398 1
899 1
9932 1
6088 1
7881 1
6345 1
5505 1
3314 1
2685 1
3546 1
3837 1
2747 1
2197 1
6483 1
8980 1
3860 1
2608 1
9063 1
5305 1
8547 1
4477 1
2190 1
7615 1
7937 1
3049 1
2984 1
4982 1
7824 1
8421 1
5843 1
1304 1
3660 1
5492 1
5874 1
5020 1
285 1
4108 1
1557 1
2646 1
7295 1
8536 1
6547 1
5709 1
2276 1
153 1
3240 1
3061 1
3389 1
9154 1
7741 1
9988 1
2787 1
5913 1
9792 1
8951 1
3399 1
6395 1
2360 1
4243 1
3507 1
6690 1
1177 1
9465 1
7504 1
3350 1
5642 1
893 1
3082 1
8256 1
2940 1
438 1
1188 1
4712 1
8270 1
7987 1
7998 1
8650 1
1027 1
8624 1
905 1
1483 1
8061 1
4673 1
5387 1
7302 1
2803 1
135 1
7923 1
2763 1
6992 1
1454 1
1550 1
16 1
3728 1
4761 1
1795 1
8393 1
2557 1
3535 1
3261 1
3955 1
4789 1
54 1
4242 1
6987 1
6427 1
4084 1
9677 1
5098 1
8693 1
2183 1
737 1
7980 1
3060 1
6596 1
4788 1
9963 1
5970 1
7431 1
5005 1
3420 1
2617 1
4904 1
1427 1
2953 1
4697 1
3474 1
464 1
445 1
2356 1
8289 1
3648 1
9259 1
1784 1
4716 1
3424 1
5916 1
7828 1
7700 1
7710 1
1799 1
6733 1
5644 1
3322 1
4839 1
7272 1
1728 1
9673 1
936 1
4250 1
4986 1
1438 1
9682 1
1401 1
580 1
992 1
1450 1
2909 1
9571 1
1280 1
3180 1
6488 1
7635 1
9584 1
4711 1
2067 1
7427 1
9724 1
2015 1
1866 1
4186 1
2037 1
1396 1
9288 1
5323 1
5201 1
578 1
2627 1
5489 1
827 1
4470 1
3454 1
4724 1
5942 1
6404 1
147 1
1152 1
2774 1
6767 1
3366 1
9267 1
2756 1
7906 1
7030 1
5470 1
7377 1
757 1
6577 1
7260 1
1474 1
7471 1
6375 1
4463 1
1951 1
2236 1
5699 1
1909 1
6403 1
6589 1
9130 1
5707 1
5568 1
3258 1
2238 1
7028 1
5582 1
6949 1
9819 1
4758 1
4297 1
8791 1
5676 1
5877 1
8591 1
3503 1
3755 1
6109 1
2219 1
4857 1
8324 1
9844 1
4594 1
5678 1
4287 1
2603 1
2099 1
2098 1
7121 1
1234 1
6769 1
6187 1
5996 1
3568 1
5754 1
3341 1
4180 1
9081 1
7941 1
1484 1
7780 1
2951 1
6528 1
4896 1
4965 1
8196 1
8838 1
9123 1
736 1
185 1
6039 1
9071 1
9021 1
9790 1
5135 1
3003 1
7560 1
8192 1
5738 1
6351 1
843 1
6373 1
7797 1
2477 1
5561 1
4415 1
2946 1
5281 1
6880 1
5597 1
3019 1
4833 1
2990 1
5072 1
1272 1
9369 1
4069 1
6908 1
5816 1
5727 1
8528 1
2334 1
4461 1
4460 1
7409 1
5141 1
8798 1
3517 1
9137 1
7273 1
3193 1
8597 1
7010 1
9935 1
3701 1
9519 1
8868 1
3534 1
4202 1
7491 1
4548 1
6934 1
3919 1
2022 1
5775 1
3515 1
3267 1
2461 1
751 1
3052 1
5006 1
830 1
193 1
88 1
5211 1
2719 1
8567 1
5804 1
6704 1
2642 1
800 1
7704 1
7536 1
5857 1
2485 1
9702 1
348 1
8876 1
7084 1
8554 1
9407 1
1085 1
5275 1
6842 1
4017 1
7392 1
8880 1
5685 1
1990 1
5360 1
1445 1
5734 1
1864 1
6112 1
8060 1
793 1
7063 1
8089 1
858 1
9820 1
5330 1
1089 1
3463 1
9679 1
3521 1
2494 1
2876 1
6549 1
217 1
5254 1
3395 1
8638 1
3310 1
4338 1
3585 1
7346 1
4639 1
9096 1
9972 1
1661 2
731 2
6736 2
1779 2
7694 2
6912 2
2624 2
690 2
2820 2
5559 2
168 2
5057 2
8151 2
9916 2
7222 2
2311 2
3028 2
6089 2
7985 2
7644 2
3696 2
1219 2
3130 2
1655 2
7762 2
5885 2
7653 2
3758 2
3002 2
7741 2
414 2
9436 2
9364 2
741 2
1497 2
9423 2
5615 2
5746 2
6685 2
8544 2
5648 2
5386 2
5809 2
5248 2
7962 2
4980 2
2547 2
1241 2
3009 2
8813 2
5096 2
1359 2
8462 2
9560 2
2119 2
9626 2
9392 2
8948 2
2830 2
286 2
876 2
9854 2
3755 2
3893 2
7774 2
8305 2
7679 2
8020 2
9871 2
5176 2
6303 2
7416 2
6125 2
7877 2
9318 2
1411 2
6412 2
503 2
6237 2
1571 2
2355 2
1419 2
353 2
75 2
3451 2
5912 2
8889 2
8824 2
3741 2
3731 2
2327 2
4557 2
7686 2
6111 2
7225 2
2217 2
9718 2
660 2
9858 2
1786 2
4167 2
4898 2
3328 2
9487 2
6320 2
5150 2
1906 2
3190 2
7706 2
4799 2
5852 2
7807 2
5439 2
9395 2
8602 2
959 2
5038 2
5080 2
5093 2
2121 2
6576 2
6380 2
1451 2
7845 2
6147 2
6967 2
7079 2
7021 2
2689 2
7559 2
8059 2
3151 2
1916 2
3049 2
2362 2
1792 2
4294 2
599 2
2498 2
5846 2
2042 2
3641 2
8287 2
7576 2
4819 2
2083 2
1256 2
7492 2
2546 2
9778 2
702 2
7120 2
4732 2
1542 2
7529 2
5923 2
6210 2
2931 2
566 2
8162 2
9664 2
3179 2
2893 2
505 2
1431 2
9752 2
2321 2
9769 2
784 2
9500 2
1362 2
6688 2
5950 2
9223 2
3039 2
8094 2
650 2
5676 2
4862 2
8063 2
3145 2
7189 2
3924 2
5167 2
1261 2
1189 2
9270 2
8341 2
9874 2
7717 2
1605 2
1600 2
4527 2
3289 2
3166 2
3206 2
7144 2
7011 2
7381 2
2341 3
3252 3
7887 3
3669 3
6597 3
6384 3
2411 3
5933 3
5724 3
2086 3
8718 3
3761 3
2326 3
7179 3
2528 3
6706 3
9483 3
2963 3
4904 3
5027 3
3248 3
4363 3
593 3
5435 3
3699 3
7729 3
3034 3
806 3
1845 3
4024 3
8734 3
1085 3
1604 3
5090 3
6316 3
4917 3
4580 3
3067 3
9869 3
1598 3
6887 3
7309 3
167 3
3021 3
2392 3
2292 3
6906 3
2245 3
5747 3
9250 3
5672 3
1903 3
7765 3
7829 3
8580 3
8922 3
9169 3
9301 3
9793 3
3876 3
4063 3
3109 3
5897 3
8519 3
49 3
3123 3
8650 3
7049 3
7787 3
291 3
3443 3
8375 3
3940 3
7099 3
6341 3
5814 3
5251 3
1700 3
7207 3
4118 3
8442 3
7396 3
4585 3
234 3
5997 3
3399 3
1625 3
7568 3
7055 3
194 3
540 3
6347 3
2308 3
58 3
2729 3
7370 3
1467 3
8816 3
913 3
9258 1748
2867 4213
3171 9835
1632 2598
618 4773
3172 7621
1277 9234
8666 4054
1464 669
1860 2746
6843 481
4201 2327
3312 9067
1968 8727
6300 2438
495 1349
313 1965
2620 467
6079 5722
2898 3767
4466 1095
4847 8714
2537 9643
5780 454
1083 8588
1213 4184
7513 4110
4927 6702
8301 3023
8066 7915
6105 1586
4481 8645
3454 5828
4013 5801
6027 2943
7336 8471
1768 314
6429 1648
7102 9544
1610 5202
1257 5085
6466 8735
178 9128
834 93
2267 9163
1846 8368
3647 9303
6909 7764
8562 9325
1027 179
2787 2288
3174 9616
8009 3187
480 9834
6003 1521
2279 1560
3632 6852
87 1260
9925 610
4034 1130
4867 9041
7438 8367
5391 8118
6323 131
1794 8160
9570 892
3986 5168
488 5233
821 8672
2595 9610
3447 4505
2990 1281
5330 4779
1549 6417
4579 6954
6148 4429
3419 1185
5787 7476
5424 8406
5486 6412
5853 4528
4623 1003
6359 5502
5603 1372
5207 8279
6963 3393
5706 4202
5831 5388
593 3953
80 2700
8186 6163
4221 1450
2387 4687
2168 9567
5526 2196
1604 8128
1074 2389
9263 5575
7279 1272
1395 5764
7194 9194
989 2509
6901 7825
7943 3519
779 8060
2377 1533
9955 9075
1974 7025
8169 9935
9305 2812
9339 1278
9562 2538
4886 9923
478 2465
2303 345
7580 4425
7006 8977
1737 5205
4153 3404
2180 854
672 7445
124 1909
9074 9470
99 6775
5988 9137
3400 5777
4138 631
3155 5756
5125 2824
1348 6043
8878 4638
1536 1149
6805 321
550 570
2874 6048
9655 3974
7759 9209
8102 6852
2107 6324
3021 6448
2777 7211
6124 524
5274 7327
3562 5123
2569 8033
1164 1196
6364 7935
8948 2568
8637 4279
8683 6488
2963 3410
1891 9238
9929 7573
874 3028
5399 6214
2888 1256
4284 8337
8504 9148
6482 2429
2211 3258
6864 8333
9219 3742
7641 4710
5227 8105
3770 3122
2242 6874
8769 9291
958 6970
6065 1624
657 8602
1963 938
3457 5605
3756 937
2764 6297
7310 1707
5801 3560
800 9513
9387 6004
8242 6269
8444 849
3631 7584
9348 253
8643 6390
465 3669
9568 7284
5929 295
1541 4787
126 8970
360 1906
7793 5392
8028 5791
5101 4549
4077 8212
4458 4669
9226 881
7516 1679
1259 4264
24 8471
9545 1415
1 7496
2 7496
3 7496
