1000
500
640 1
402 1
128 1
827 1
354 1
60 1
5 1
727 1
181 1
815 1
345 1
514 1
615 1
648 1
672 1
764 1
539 1
36 1
999 1
651 1
431 1
836 1
104 1
821 1
129 1
258 1
142 1
242 1
520 1
977 1
426 1
816 1
427 1
219 1
749 1
343 1
205 1
943 1
337 1
307 1
239 1
93 1
862 1
962 1
157 1
88 1
929 1
162 1
963 1
948 1
528 1
620 1
393 1
98 1
624 1
555 1
15 1
196 1
885 1
255 1
271 1
462 1
609 1
173 1
8 1
502 1
874 1
659 1
58 1
184 1
856 1
549 1
55 1
992 1
645 1
548 1
606 1
658 1
175 1
711 1
769 1
313 1
679 1
516 1
261 1
23 1
355 1
310 1
102 1
167 1
837 1
689 1
422 1
950 1
600 1
682 1
527 1
793 1
326 1
30 1
259 1
956 1
461 1
610 1
543 1
719 1
75 1
852 1
468 1
772 1
518 1
344 1
811 1
688 1
810 1
889 1
435 1
968 1
662 1
590 1
685 1
650 1
653 1
976 1
959 1
980 1
966 1
673 1
941 1
127 1
273 1
560 1
825 1
935 1
111 1
289 1
730 1
958 1
867 1
276 1
771 1
7 1
483 1
260 1
466 1
379 1
109 1
469 1
278 1
558 1
384 1
833 1
859 1
877 1
921 1
853 1
832 1
875 1
165 1
141 1
194 1
626 1
293 1
721 1
474 1
216 1
472 1
277 1
286 1
21 1
712 1
26 1
766 1
464 1
871 1
51 1
934 1
783 1
618 1
738 1
920 1
895 1
565 1
284 1
430 1
200 1
240 1
869 1
808 1
919 1
589 1
782 1
702 1
332 1
222 1
533 1
642 1
981 1
85 1
574 1
873 1
456 1
706 1
740 1
918 1
106 1
850 1
281 1
646 1
840 1
860 1
882 1
750 1
949 1
161 1
12 1
455 1
291 1
38 1
371 1
49 1
500 1
635 1
643 1
101 1
913 1
386 1
928 1
236 1
982 1
785 1
413 1
507 1
45 1
391 1
530 1
174 1
479 1
886 1
401 1
266 1
116 1
717 1
264 1
149 1
269 1
136 1
759 1
417 1
628 1
449 2
484 2
637 2
886 2
818 2
549 2
25 2
246 2
389 2
475 2
537 2
420 2
190 2
539 2
438 2
98 2
805 2
9 2
215 2
72 2
432 2
960 2
71 2
282 2
656 2
933 2
734 2
876 2
571 2
487 2
733 2
296 2
261 2
473 2
343 2
985 2
890 2
466 2
638 2
931 2
301 2
197 2
328 2
900 2
991 2
492 2
422 2
206 2
77 2
135 2
290 2
692 2
153 2
584 2
535 2
633 2
779 2
750 2
95 2
602 2
323 2
452 2
78 2
716 2
565 2
332 2
520 2
683 2
286 2
308 2
982 2
38 2
507 2
523 2
60 2
112 2
288 2
144 2
364 2
354 2
82 2
550 2
574 2
156 2
219 2
22 2
310 2
53 2
999 2
813 2
894 2
451 2
579 2
630 2
142 2
453 2
768 2
679 2
952 2
948 2
113 2
8 2
374 2
943 2
902 2
265 2
14 2
858 2
938 2
239 2
386 2
904 2
547 2
847 2
682 2
397 2
800 2
788 2
762 2
998 2
660 2
827 2
848 2
62 2
143 2
164 3
64 3
975 3
58 3
974 3
55 3
463 3
245 3
116 3
262 3
539 3
654 3
40 3
9 3
803 3
687 3
12 3
737 3
402 3
497 3
26 3
253 3
52 3
412 3
636 3
494 3
334 3
493 3
477 3
248 3
575 3
193 3
528 3
57 3
752 3
783 3
740 3
394 3
130 3
579 3
837 3
73 3
810 3
820 3
745 3
82 3
301 3
644 3
471 3
884 3
698 650
578 458
669 110
549 458
239 739
874 973
534 698
110 779
578 698
578 133
139 950
669 458
669 874
133 874
139 874
534 973
487 458
739 458
139 650
110 950
669 4
139 973
669 973
239 578
650 874
239 698
534 488
534 487
669 488
133 488
779 488
534 549
549 739
739 4
578 950
534 4
669 487
578 488
239 779
650 110
239 4
534 578
4 458
534 874
973 458
487 650
669 133
534 458
650 488
534 139
950 874
549 487
549 133
549 488
669 139
578 874
549 578
4 488
549 874
487 488
549 4
139 239
487 874
698 110
487 779
874 779
549 650
534 133
139 133
133 950
739 698
950 458
1 4
2 4
3 4
