1000
500
688 1
260 1
979 1
778 1
758 1
978 1
273 1
843 1
886 1
404 1
873 1
875 1
4 1
528 1
180 1
868 1
42 1
545 1
733 1
130 1
524 1
394 1
467 1
554 1
313 1
994 1
847 1
82 1
750 1
559 1
918 1
131 1
285 1
90 1
889 1
600 1
567 1
643 1
320 1
881 1
488 1
56 1
735 1
950 1
253 1
533 1
569 1
651 1
628 1
587 1
53 1
393 1
935 1
322 1
811 1
15 1
514 1
44 1
163 1
282 1
474 1
819 1
21 1
453 1
668 1
836 1
485 1
52 1
977 1
995 1
730 1
898 1
906 1
124 1
678 1
213 1
960 1
449 1
662 1
515 1
204 1
24 1
255 1
759 1
605 1
999 1
19 1
975 1
307 1
183 1
7 1
317 1
505 1
940 1
80 1
177 1
495 1
5 1
739 1
939 1
113 1
40 1
909 1
655 1
344 1
717 1
185 1
354 1
797 1
547 1
135 1
645 1
701 1
776 1
852 1
291 1
389 1
897 1
478 1
166 1
289 1
200 1
553 1
96 1
431 1
109 1
293 1
813 1
731 1
710 1
426 1
926 1
690 1
227 1
367 1
465 1
134 1
50 1
288 1
903 1
532 1
786 1
409 1
214 1
575 1
211 1
486 1
311 1
762 1
267 1
563 1
358 1
565 1
297 1
747 1
219 1
756 1
162 1
247 1
407 1
149 1
516 1
496 1
521 1
489 1
766 1
968 1
593 1
54 1
58 1
418 1
304 1
838 1
10 1
749 1
827 1
954 1
403 1
94 1
928 1
438 1
14 1
357 1
216 1
127 1
238 1
705 1
964 1
773 1
752 1
931 1
966 1
887 1
341 1
326 1
602 1
895 1
512 1
422 1
88 1
853 1
842 1
703 1
715 1
720 1
927 1
64 1
620 1
9 1
682 1
986 1
531 1
116 1
429 1
79 1
965 1
104 1
736 1
723 1
57 1
133 1
156 1
727 1
328 1
583 1
616 1
822 1
848 1
877 1
209 1
236 1
851 1
361 1
904 1
440 1
86 1
649 1
874 1
631 1
854 1
284 1
571 1
55 1
771 1
447 1
477 1
597 1
992 1
435 1
603 2
123 2
16 2
461 2
347 2
49 2
107 2
529 2
689 2
301 2
905 2
619 2
58 2
750 2
774 2
963 2
24 2
586 2
700 2
488 2
207 2
794 2
145 2
405 2
6 2
568 2
601 2
984 2
179 2
563 2
880 2
898 2
238 2
245 2
73 2
376 2
472 2
363 2
493 2
171 2
709 2
864 2
456 2
719 2
283 2
747 2
256 2
928 2
979 2
335 2
166 2
475 2
420 2
763 2
43 2
890 2
428 2
381 2
310 2
150 2
225 2
918 2
94 2
795 2
342 2
467 2
638 2
136 2
904 2
683 2
364 2
543 2
413 2
722 2
501 2
574 2
275 2
954 2
433 2
538 2
796 2
818 2
330 2
657 2
244 2
251 2
192 2
173 2
350 2
286 2
492 2
111 2
389 2
620 2
739 2
512 2
785 2
881 2
388 2
486 2
967 2
440 2
780 2
669 2
985 2
427 2
903 2
480 2
201 2
262 2
93 2
65 2
849 2
561 2
401 2
82 2
369 2
451 2
981 2
627 2
348 2
50 2
628 2
219 2
427 3
199 3
463 3
370 3
21 3
883 3
148 3
390 3
490 3
273 3
92 3
512 3
24 3
403 3
276 3
813 3
47 3
801 3
642 3
254 3
805 3
198 3
376 3
334 3
880 3
240 3
751 3
93 3
414 3
911 3
459 3
442 3
169 3
255 3
117 3
423 3
475 3
986 3
793 3
665 3
720 3
178 3
730 3
57 3
9 3
172 3
212 3
216 3
445 3
207 66
708 529
752 258
648 691
140 832
121 147
278 483
629 501
903 743
334 784
895 393
253 528
478 274
700 245
755 613
75 814
377 970
868 406
507 368
786 693
46 466
941 758
679 539
215 623
782 79
103 37
947 596
869 699
617 33
375 195
521 454
816 255
464 240
650 248
333 31
564 329
101 306
570 373
508 262
244 734
24 192
475 358
171 826
946 978
30 241
784 427
874 676
229 74
758 27
99 132
23 95
877 360
619 160
445 770
172 773
986 181
81 17
12 524
271 357
667 699
975 653
510 694
462 953
651 588
59 44
597 36
742 344
917 736
770 911
979 249
340 25
384 982
145 633
368 794
1 18
2 18
3 18
