1000
200
532 1
821 1
259 1
618 1
924 1
828 1
566 1
100 1
737 1
763 1
693 1
973 1
832 1
678 1
520 1
555 1
797 1
883 1
541 1
522 1
264 1
163 1
510 1
91 1
732 1
688 1
220 1
486 1
630 1
454 1
530 1
965 1
293 1
698 1
365 1
839 1
921 1
460 1
830 1
719 1
768 1
586 1
531 1
141 1
136 1
661 1
858 1
483 1
920 1
497 1
356 1
641 1
422 1
835 1
910 1
799 1
714 1
226 1
917 1
663 1
355 1
13 1
414 1
487 1
411 1
891 1
558 1
234 1
212 1
679 1
855 1
503 1
202 1
161 1
329 1
273 1
977 1
280 1
243 1
55 1
133 1
310 1
818 1
556 1
601 1
358 1
984 1
350 1
21 1
440 1
567 1
410 1
516 1
382 1
692 1
870 1
170 1
269 1
859 1
976 1
547 2
940 2
894 2
730 2
612 2
307 2
935 2
441 2
202 2
382 2
453 2
969 2
922 2
136 2
475 2
350 2
402 2
947 2
756 2
818 2
809 2
774 2
927 2
794 2
24 2
444 2
115 2
6 2
60 2
228 2
58 2
174 2
908 2
244 2
899 2
977 2
867 2
141 2
572 2
913 2
76 2
353 2
717 2
726 2
892 2
44 2
296 2
691 2
993 2
768 2
882 3
236 3
943 3
203 3
753 3
413 3
153 3
272 3
870 3
212 3
494 3
452 3
382 3
914 3
134 3
880 3
446 3
287 3
293 3
661 3
753 666
195 705
210 863
297 119
576 549
401 351
456 262
793 715
943 977
69 332
173 667
641 258
245 422
147 903
557 881
21 90
895 395
988 751
430 436
50 886
291 192
335 284
6 188
510 792
857 819
370 671
828 533
72 717
311 317
64 607
