1000
500
894 1
587 1
395 1
45 1
846 1
123 1
574 1
177 1
116 1
803 1
765 1
944 1
176 1
221 1
753 1
436 1
285 1
331 1
441 1
501 1
514 1
598 1
253 1
472 1
341 1
147 1
669 1
961 1
814 1
830 1
255 1
572 1
836 1
561 1
292 1
589 1
27 1
886 1
5 1
499 1
605 1
780 1
959 1
389 1
206 1
521 1
909 1
684 1
438 1
114 1
957 1
90 1
226 1
94 1
887 1
840 1
481 1
217 1
318 1
485 1
28 1
237 1
584 1
895 1
19 1
396 1
816 1
332 1
738 1
356 1
138 1
872 1
391 1
202 1
859 1
543 1
964 1
566 1
460 1
740 1
695 1
181 1
393 1
340 1
401 1
757 1
655 1
639 1
970 1
333 1
91 1
576 1
691 1
154 1
624 1
819 1
556 1
744 1
768 1
675 1
287 1
930 1
442 1
246 1
363 1
548 1
627 1
864 1
216 1
465 1
449 1
58 1
205 1
189 1
269 1
83 1
611 1
858 1
656 1
17 1
180 1
876 1
214 1
458 1
911 1
782 1
931 1
633 1
856 1
951 1
953 1
799 1
826 1
924 1
808 1
900 1
390 1
586 1
203 1
515 1
609 1
704 1
653 1
983 1
230 1
408 1
71 1
89 1
125 1
807 1
13 1
494 1
518 1
111 1
113 1
729 1
370 1
308 1
295 1
531 1
157 1
67 1
314 1
6 1
74 1
935 1
325 1
958 1
774 1
500 1
392 1
821 1
764 1
618 1
208 1
810 1
437 1
153 1
190 1
196 1
476 1
661 1
427 1
647 1
355 1
288 1
823 1
492 1
871 1
866 1
64 1
474 1
446 1
849 1
986 1
167 1
535 1
10 1
922 1
534 1
220 1
402 1
544 1
82 1
972 1
579 1
533 1
888 1
698 1
517 1
455 1
868 1
796 1
132 1
44 1
115 1
117 1
712 1
234 1
197 1
854 1
469 1
702 1
955 1
703 1
812 1
802 1
361 1
638 1
998 1
37 1
222 1
936 1
497 1
443 1
707 1
745 1
225 1
714 1
109 1
412 1
54 1
547 1
837 1
32 1
56 1
126 1
870 1
251 1
119 1
614 2
893 2
120 2
918 2
741 2
343 2
758 2
626 2
326 2
617 2
377 2
368 2
601 2
39 2
942 2
265 2
986 2
259 2
817 2
138 2
241 2
706 2
109 2
644 2
568 2
677 2
205 2
874 2
888 2
938 2
51 2
19 2
886 2
410 2
342 2
814 2
233 2
125 2
438 2
443 2
35 2
228 2
76 2
87 2
471 2
260 2
141 2
961 2
930 2
312 2
160 2
331 2
779 2
504 2
301 2
336 2
786 2
428 2
556 2
579 2
854 2
147 2
900 2
26 2
139 2
4 2
860 2
171 2
97 2
446 2
522 2
191 2
10 2
434 2
598 2
759 2
314 2
610 2
321 2
707 2
840 2
769 2
773 2
688 2
400 2
946 2
795 2
157 2
363 2
253 2
119 2
200 2
740 2
262 2
230 2
425 2
884 2
690 2
674 2
255 2
641 2
743 2
71 2
496 2
847 2
664 2
518 2
423 2
724 2
304 2
761 2
738 2
833 2
546 2
944 2
570 2
239 2
764 2
16 2
624 2
544 2
894 2
939 2
694 2
100 2
724 3
431 3
767 3
919 3
986 3
773 3
488 3
69 3
947 3
268 3
390 3
314 3
719 3
121 3
257 3
491 3
915 3
453 3
357 3
797 3
20 3
151 3
210 3
842 3
140 3
598 3
455 3
495 3
176 3
639 3
261 3
825 3
840 3
505 3
369 3
914 3
96 3
191 3
744 3
195 3
385 3
997 3
820 3
862 3
636 3
266 3
545 3
977 3
966 3
25 3
336 385
359 788
385 817
795 817
494 691
425 691
736 788
296 494
155 494
402 432
494 788
795 655
425 336
425 788
736 402
312 385
655 296
359 296
691 788
952 795
402 296
359 385
691 817
425 402
425 655
312 359
952 336
736 432
817 788
312 99
843 691
99 817
155 402
843 336
736 425
736 691
402 691
952 655
655 817
843 432
155 691
952 817
425 817
385 432
312 788
312 296
795 336
795 432
736 817
336 691
385 788
402 494
155 655
425 843
155 296
425 494
952 296
155 312
336 817
312 494
736 359
385 691
359 843
296 432
425 795
795 843
691 432
736 385
336 432
312 402
155 788
843 494
425 359
952 312
296 691
