1000
500
947 1
801 1
892 1
87 1
983 1
974 1
604 1
306 1
176 1
966 1
223 1
518 1
902 1
132 1
192 1
345 1
572 1
45 1
889 1
407 1
689 1
97 1
943 1
804 1
351 1
605 1
98 1
174 1
992 1
910 1
722 1
165 1
118 1
927 1
105 1
321 1
629 1
379 1
950 1
755 1
768 1
308 1
608 1
343 1
851 1
418 1
253 1
370 1
240 1
704 1
921 1
316 1
475 1
79 1
332 1
172 1
389 1
937 1
882 1
711 1
338 1
500 1
335 1
588 1
748 1
85 1
396 1
141 1
536 1
44 1
231 1
323 1
461 1
694 1
640 1
607 1
39 1
776 1
586 1
610 1
318 1
908 1
736 1
706 1
873 1
580 1
856 1
924 1
753 1
721 1
13 1
845 1
699 1
809 1
75 1
107 1
317 1
576 1
375 1
959 1
71 1
998 1
122 1
378 1
960 1
563 1
197 1
220 1
781 1
805 1
271 1
9 1
463 1
457 1
890 1
234 1
256 1
972 1
219 1
616 1
456 1
778 1
382 1
350 1
93 1
135 1
473 1
702 1
468 1
298 1
86 1
6 1
656 1
579 1
347 1
747 1
148 1
310 1
232 1
409 1
423 1
659 1
723 1
278 1
717 1
188 1
715 1
108 1
611 1
81 1
991 1
14 1
151 1
226 1
368 1
861 1
820 1
246 1
386 1
618 1
110 1
230 1
260 1
980 1
954 1
794 1
655 1
816 1
276 1
679 1
146 1
189 1
11 1
8 1
916 1
758 1
720 1
204 1
215 1
270 1
653 1
18 1
934 1
171 1
238 1
224 1
558 1
839 1
43 1
952 1
214 1
957 1
283 1
218 1
360 1
888 1
984 1
269 1
59 1
603 1
831 1
264 1
644 1
390 1
933 1
236 1
51 1
932 1
58 1
766 1
100 1
538 1
718 1
661 1
863 1
436 1
349 1
743 1
275 1
462 1
949 1
479 1
613 1
309 1
408 1
645 1
160 1
633 1
292 1
867 1
244 1
543 1
69 1
793 1
138 1
7 1
985 1
599 1
112 1
945 1
533 1
33 1
84 1
556 1
247 1
727 1
825 1
241 1
20 1
510 1
139 2
609 2
834 2
944 2
701 2
408 2
417 2
760 2
676 2
678 2
626 2
959 2
576 2
64 2
87 2
975 2
303 2
582 2
280 2
585 2
452 2
620 2
534 2
106 2
580 2
222 2
596 2
565 2
715 2
469 2
640 2
24 2
794 2
512 2
257 2
531 2
919 2
18 2
595 2
782 2
255 2
161 2
635 2
435 2
224 2
785 2
987 2
985 2
68 2
691 2
91 2
894 2
750 2
83 2
627 2
817 2
348 2
524 2
611 2
925 2
77 2
269 2
990 2
907 2
325 2
999 2
598 2
168 2
983 2
672 2
995 2
252 2
725 2
646 2
749 2
184 2
365 2
872 2
521 2
307 2
608 2
211 2
415 2
501 2
748 2
761 2
692 2
836 2
908 2
118 2
818 2
264 2
416 2
549 2
714 2
841 2
555 2
371 2
447 2
849 2
495 2
164 2
791 2
902 2
980 2
274 2
569 2
950 2
352 2
890 2
219 2
488 2
603 2
558 2
553 2
665 2
973 2
99 2
266 2
279 2
242 2
903 2
727 2
653 2
116 2
697 3
188 3
903 3
330 3
790 3
711 3
84 3
303 3
128 3
221 3
410 3
109 3
156 3
358 3
167 3
319 3
278 3
759 3
252 3
299 3
510 3
843 3
607 3
438 3
119 3
33 3
685 3
959 3
565 3
865 3
455 3
117 3
171 3
710 3
421 3
871 3
294 3
140 3
54 3
350 3
822 3
557 3
540 3
765 3
49 3
629 3
59 3
251 3
495 3
746 3
970 934
903 569
896 903
274 358
773 358
559 460
773 934
460 274
896 803
113 569
567 934
665 903
903 274
9 649
773 232
460 665
665 569
896 569
665 934
559 773
649 934
567 825
567 358
460 232
113 358
665 649
825 569
803 232
559 649
773 569
274 569
803 448
665 274
803 358
232 274
970 649
970 803
448 274
9 934
825 903
803 460
559 232
232 358
970 569
358 934
825 649
896 460
803 773
448 649
896 113
9 232
803 9
448 934
358 569
803 567
896 274
448 825
773 274
448 569
448 460
460 649
448 567
559 274
232 649
232 569
896 448
113 665
567 665
970 9
903 649
773 9
9 274
567 274
665 232
559 934
