1000
1000
964 1
118 1
675 1
914 1
439 1
539 1
836 1
495 1
590 1
391 1
672 1
921 1
941 1
480 1
165 1
314 1
786 1
726 1
390 1
783 1
438 1
688 1
854 1
628 1
129 1
491 1
855 1
971 1
571 1
652 1
843 1
466 1
809 1
919 1
796 1
625 1
172 1
179 1
115 1
218 1
510 1
296 1
792 1
722 1
951 1
456 1
461 1
780 1
30 1
610 1
644 1
782 1
938 1
490 1
139 1
638 1
356 1
496 1
194 1
993 1
701 1
745 1
611 1
421 1
258 1
555 1
180 1
739 1
740 1
230 1
665 1
427 1
533 1
573 1
313 1
842 1
13 1
695 1
235 1
895 1
912 1
171 1
247 1
147 1
196 1
753 1
822 1
580 1
280 1
605 1
246 1
366 1
433 1
410 1
85 1
678 1
9 1
889 1
46 1
187 1
717 1
562 1
903 1
233 1
659 1
608 1
591 1
127 1
634 1
157 1
52 1
485 1
807 1
606 1
544 1
872 1
249 1
982 1
45 1
277 1
560 1
661 1
449 1
785 1
0 1
151 1
413 1
161 1
417 1
7 1
384 1
778 1
400 1
779 1
207 1
840 1
120 1
370 1
731 1
504 1
901 1
463 1
800 1
963 1
477 1
551 1
820 1
810 1
169 1
80 1
361 1
322 1
718 1
95 1
82 1
584 1
40 1
209 1
870 1
320 1
159 1
880 1
93 1
317 1
6 1
341 1
891 1
281 1
454 1
789 1
657 1
957 1
441 1
259 1
666 1
229 1
867 1
208 1
244 1
397 1
754 1
839 1
990 1
660 1
561 1
54 1
692 1
288 1
65 1
615 1
814 1
922 1
817 1
788 1
243 1
201 1
75 1
813 1
222 1
812 1
368 1
846 1
103 1
959 1
117 1
955 1
158 1
623 1
543 1
687 1
557 1
774 1
396 1
538 1
83 1
838 1
16 1
716 1
508 1
703 1
653 1
721 1
635 1
967 1
936 1
219 1
255 1
998 1
861 1
176 1
720 1
633 1
338 1
729 1
68 1
673 1
55 1
140 1
264 1
442 1
414 1
44 1
849 1
648 1
272 1
206 1
724 1
358 1
582 1
507 1
336 1
72 1
595 1
862 1
302 1
437 1
894 1
321 1
567 1
558 1
631 1
340 1
521 1
999 1
520 1
71 1
603 1
707 1
690 1
295 1
248 1
874 1
906 1
145 1
198 1
696 1
323 1
727 1
524 1
502 1
735 1
49 1
232 1
743 1
636 1
927 1
69 1
104 1
569 1
362 1
741 1
418 1
476 1
512 1
291 1
500 1
279 1
253 1
704 1
902 1
211 1
881 1
271 1
677 1
832 1
752 1
112 1
113 1
252 1
614 1
831 1
593 1
923 1
908 1
298 1
193 1
930 1
974 1
651 1
928 1
465 1
505 1
626 1
827 1
470 1
492 1
425 1
319 1
287 1
241 1
532 1
773 1
888 1
613 1
523 1
200 1
339 1
348 1
11 1
457 1
885 1
884 1
828 1
527 1
681 1
968 1
650 1
460 1
736 1
825 1
333 1
61 1
149 1
144 1
292 1
402 1
308 1
765 1
254 1
621 1
110 1
257 1
983 1
202 1
948 1
375 1
961 1
597 1
671 1
468 1
709 1
369 1
553 1
237 1
907 1
326 1
231 1
273 1
389 1
89 1
511 1
126 1
84 1
632 1
385 1
186 1
114 1
970 1
670 1
847 1
859 1
801 1
177 1
174 1
423 1
674 1
599 1
865 1
978 1
57 1
806 1
578 1
926 1
155 1
664 1
960 1
316 1
711 1
947 1
453 1
486 1
515 1
223 1
205 1
299 1
545 1
347 1
294 1
472 1
73 1
981 1
834 1
395 1
99 1
484 1
581 1
952 1
514 1
236 1
332 1
416 1
107 1
878 1
771 1
513 1
767 1
986 1
844 1
23 1
37 1
77 1
931 1
62 1
487 1
478 1
293 1
406 1
815 1
612 1
354 1
408 1
864 1
424 1
132 1
18 1
662 1
181 1
715 1
682 1
36 1
56 1
382 1
215 1
725 1
794 1
428 1
577 1
78 1
965 1
793 1
622 1
352 1
197 1
250 1
819 1
772 1
897 1
304 1
917 1
937 1
53 1
875 1
399 1
933 1
377 1
896 1
426 1
195 1
728 1
29 1
363 1
344 1
105 1
15 1
746 1
204 1
214 1
860 1
781 1
152 1
302 2
968 2
259 2
632 2
563 2
639 2
220 2
949 2
511 2
675 2
400 2
422 2
275 2
444 2
237 2
831 2
984 2
173 2
631 2
946 2
265 2
584 2
646 2
516 2
15 2
431 2
430 2
637 2
230 2
353 2
517 2
723 2
906 2
926 2
120 2
916 2
429 2
709 2
647 2
523 2
93 2
873 2
95 2
90 2
502 2
109 2
608 2
997 2
708 2
89 2
493 2
982 2
838 2
403 2
728 2
578 2
530 2
760 2
634 2
861 2
384 2
110 2
600 2
823 2
483 2
705 2
104 2
941 2
307 2
185 2
124 2
589 2
582 2
947 2
721 2
549 2
40 2
996 2
280 2
83 2
667 2
283 2
494 2
447 2
649 2
375 2
668 2
937 2
344 2
986 2
122 2
182 2
495 2
441 2
821 2
145 2
614 2
79 2
4 2
349 2
88 2
421 2
804 2
133 2
308 2
678 2
279 2
572 2
475 2
401 2
94 2
781 2
503 2
404 2
334 2
140 2
665 2
206 2
42 2
364 2
370 2
815 2
486 2
512 2
406 2
529 2
472 2
526 2
746 2
256 2
904 2
477 2
416 2
37 2
966 2
866 2
940 2
599 2
826 2
515 2
38 2
862 2
190 2
910 2
989 2
794 2
168 2
942 2
229 2
689 2
898 2
276 2
62 2
895 2
683 2
719 2
963 2
402 2
803 2
96 2
306 2
677 2
57 2
703 2
169 2
509 2
208 2
878 2
751 2
487 2
642 2
410 2
736 2
242 2
607 2
711 2
980 2
467 2
392 2
521 2
192 2
378 2
724 2
217 2
777 2
264 2
385 2
537 2
56 2
742 2
583 2
391 2
30 2
213 2
922 2
458 2
540 2
718 2
550 2
622 2
379 2
451 2
263 2
438 2
238 2
255 2
171 2
186 2
811 2
859 2
960 2
814 2
407 2
595 2
97 2
326 2
983 2
155 2
567 2
756 2
382 2
247 2
231 2
191 2
664 2
684 2
856 2
726 2
913 2
715 2
766 2
354 2
428 2
233 2
324 2
795 2
215 2
623 2
181 2
565 2
489 2
304 2
659 2
117 2
119 2
471 2
686 2
485 2
299 2
61 2
116 3
720 3
689 3
892 3
470 3
492 3
130 3
665 3
978 3
810 3
917 3
52 3
544 3
801 3
614 3
190 3
688 3
306 3
546 3
354 3
183 3
102 3
420 3
922 3
185 3
835 3
928 3
867 3
878 3
838 3
523 3
127 3
154 3
713 3
14 3
812 3
970 3
4 3
869 3
65 3
555 3
741 3
419 3
283 3
877 3
358 3
395 3
520 3
149 3
855 3
265 3
952 3
804 3
561 3
538 3
759 3
957 3
39 3
627 3
142 3
653 3
275 3
71 3
100 3
818 3
107 3
682 3
0 3
481 3
494 3
407 3
369 3
872 3
828 3
989 3
57 3
493 3
879 3
438 3
112 3
62 3
599 3
680 3
956 3
143 3
607 3
893 3
521 3
7 3
990 3
30 3
336 3
985 3
38 3
413 3
276 3
257 3
148 3
907 3
691 3
566 421
567 331
567 539
677 780
195 216
361 780
197 292
195 678
483 216
956 361
81 421
76 292
95 956
539 780
678 421
216 677
539 677
195 361
483 81
216 81
539 331
292 421
195 197
566 677
195 780
483 195
539 678
95 677
216 678
95 421
566 851
76 539
483 361
292 780
76 956
197 677
567 292
483 331
678 81
76 195
95 780
292 851
677 851
566 195
566 95
483 677
566 780
197 421
197 780
483 678
956 216
566 331
956 678
95 678
95 483
483 780
483 197
483 539
361 81
195 851
76 361
76 421
539 216
95 216
361 331
956 539
956 851
216 780
678 851
567 81
483 851
956 292
567 361
677 292
361 677
678 331
76 678
539 361
195 81
956 677
76 780
566 361
566 567
956 331
95 851
76 197
76 567
567 421
567 195
95 567
95 81
956 195
566 197
331 421
76 81
956 197
361 851
539 197
197 81
95 331
780 851
95 292
539 81
539 421
567 956
567 216
361 292
361 216
95 76
780 331
483 421
216 421
76 216
678 292
81 780
76 851
195 331
566 956
956 81
76 331
567 677
81 331
851 421
292 331
197 851
95 197
851 331
566 81
677 81
567 851
292 81
95 361
197 678
567 678
81 851
95 539
76 677
566 539
216 331
195 421
678 677
95 195
566 76
195 539
567 780
780 421
76 483
197 331
678 780
216 292
