1000
500
676 1
313 1
474 1
630 1
950 1
389 1
374 1
825 1
204 1
678 1
651 1
23 1
903 1
980 1
739 1
911 1
468 1
4 1
463 1
783 1
226 1
979 1
694 1
823 1
934 1
648 1
850 1
729 1
858 1
865 1
807 1
763 1
170 1
802 1
547 1
698 1
580 1
709 1
410 1
747 1
833 1
534 1
912 1
105 1
134 1
959 1
691 1
909 1
530 1
153 1
36 1
300 1
253 1
550 1
766 1
517 1
303 1
230 1
39 1
922 1
209 1
974 1
671 1
588 1
741 1
631 1
860 1
649 1
462 1
469 1
155 1
107 1
431 1
855 1
780 1
541 1
590 1
943 1
573 1
647 1
803 1
592 1
852 1
147 1
732 1
939 1
727 1
91 1
574 1
322 1
444 1
805 1
874 1
121 1
98 1
710 1
232 1
552 1
895 1
9 1
364 1
466 1
542 1
994 1
794 1
425 1
762 1
202 1
167 1
286 1
250 1
186 1
370 1
731 1
942 1
576 1
505 1
562 1
126 1
826 1
47 1
382 1
345 1
791 1
923 1
130 1
918 1
702 1
889 1
387 1
971 1
114 1
548 1
122 1
578 1
785 1
333 1
180 1
898 1
171 1
581 1
144 1
935 1
846 1
836 1
103 1
829 1
564 1
362 1
240 1
442 1
307 1
781 1
185 1
583 1
328 1
451 1
579 1
625 1
924 1
108 1
510 1
45 1
129 1
616 1
480 1
509 1
834 1
408 1
653 1
397 1
652 1
824 1
400 1
337 1
319 1
706 1
236 1
928 1
76 1
41 1
247 1
925 1
375 1
596 1
220 1
949 1
38 1
28 1
349 1
192 1
207 1
700 1
619 1
910 1
744 1
197 1
166 1
750 1
453 1
927 1
499 1
27 1
753 1
515 1
32 1
525 1
736 1
604 1
406 1
680 1
162 1
137 1
256 1
401 1
733 1
907 1
997 1
513 1
883 1
88 1
591 1
768 1
963 1
602 1
880 1
77 1
448 1
718 1
787 1
804 1
87 1
643 1
621 1
243 1
6 1
43 1
556 1
808 1
899 1
430 1
193 1
946 1
473 1
467 1
967 1
224 1
229 1
728 1
304 2
582 2
411 2
889 2
200 2
273 2
572 2
688 2
644 2
256 2
955 2
4 2
807 2
217 2
566 2
86 2
913 2
299 2
121 2
902 2
530 2
184 2
482 2
917 2
574 2
594 2
668 2
313 2
632 2
12 2
295 2
824 2
59 2
378 2
976 2
160 2
506 2
943 2
809 2
368 2
148 2
508 2
846 2
455 2
770 2
727 2
744 2
227 2
751 2
971 2
342 2
823 2
839 2
774 2
610 2
249 2
89 2
303 2
145 2
387 2
234 2
605 2
459 2
570 2
214 2
17 2
92 2
773 2
238 2
375 2
398 2
787 2
798 2
183 2
812 2
811 2
192 2
193 2
818 2
154 2
741 2
480 2
424 2
589 2
963 2
306 2
724 2
350 2
886 2
561 2
440 2
263 2
487 2
383 2
388 2
358 2
584 2
340 2
803 2
373 2
186 2
806 2
255 2
343 2
84 2
657 2
117 2
146 2
535 2
319 2
76 2
832 2
857 2
556 2
588 2
701 2
756 2
600 2
797 2
250 2
5 2
221 2
49 2
726 2
790 3
217 3
96 3
885 3
967 3
518 3
732 3
723 3
814 3
148 3
806 3
41 3
804 3
575 3
791 3
73 3
549 3
271 3
157 3
662 3
869 3
624 3
33 3
297 3
933 3
692 3
899 3
15 3
935 3
281 3
681 3
604 3
309 3
519 3
975 3
275 3
976 3
143 3
951 3
543 3
800 3
133 3
558 3
107 3
394 3
265 3
340 3
671 3
735 3
114 598
135 669
869 653
520 990
836 850
549 950
585 723
220 755
640 522
500 127
879 903
536 781
151 229
293 985
26 164
700 620
518 890
582 923
690 703
633 599
107 539
660 741
481 486
225 929
733 820
263 950
734 985
198 341
911 691
130 221
458 528
528 512
441 53
568 772
617 940
70 486
118 229
397 457
489 527
140 100
505 535
291 45
360 152
196 650
205 176
695 476
611 84
767 454
875 614
393 963
624 35
914 238
139 899
214 241
204 922
158 453
515 361
745 142
228 678
708 243
893 386
771 793
105 670
898 961
724 88
380 167
221 11
730 796
723 712
937 54
499 455
305 229
222 478
621 399
