1000
200
237 1
420 1
896 1
287 1
599 1
255 1
47 1
339 1
428 1
497 1
707 1
359 1
659 1
412 1
52 1
447 1
913 1
292 1
297 1
750 1
700 1
89 1
55 1
888 1
234 1
222 1
148 1
702 1
756 1
330 1
340 1
288 1
701 1
18 1
149 1
21 1
639 1
185 1
284 1
349 1
124 1
348 1
850 1
310 1
522 1
320 1
265 1
487 1
765 1
727 1
22 1
967 1
181 1
19 1
73 1
717 1
830 1
640 1
490 1
355 1
266 1
199 1
762 1
293 1
51 1
25 1
506 1
946 1
795 1
825 1
614 1
764 1
501 1
394 1
374 1
94 1
791 1
768 1
121 1
92 1
569 1
276 1
97 1
530 1
87 1
252 1
958 1
784 1
590 1
444 1
379 1
999 1
86 1
635 1
956 1
780 1
794 1
126 1
953 1
957 1
736 2
745 2
25 2
531 2
67 2
954 2
691 2
780 2
836 2
719 2
230 2
698 2
567 2
512 2
796 2
339 2
859 2
154 2
470 2
599 2
840 2
142 2
928 2
584 2
935 2
143 2
857 2
246 2
372 2
332 2
455 2
378 2
952 2
879 2
359 2
664 2
762 2
112 2
657 2
371 2
30 2
281 2
20 2
269 2
364 2
976 2
398 2
742 2
350 2
404 2
671 3
441 3
890 3
585 3
867 3
565 3
929 3
930 3
692 3
29 3
933 3
275 3
72 3
785 3
180 3
168 3
391 3
165 3
760 3
941 3
763 898
434 12
466 377
728 12
434 492
382 12
704 493
138 493
728 385
377 492
898 466
392 385
531 492
763 704
792 385
493 12
138 12
490 466
792 12
704 138
377 493
792 492
763 377
466 382
898 377
490 392
898 138
392 138
704 310
728 138
