1000
500
366 1
946 1
134 1
788 1
800 1
676 1
250 1
302 1
839 1
49 1
980 1
36 1
125 1
365 1
709 1
701 1
623 1
765 1
141 1
539 1
92 1
705 1
183 1
780 1
300 1
79 1
697 1
435 1
119 1
704 1
505 1
909 1
129 1
543 1
105 1
187 1
201 1
186 1
15 1
346 1
953 1
257 1
668 1
358 1
732 1
746 1
768 1
808 1
75 1
995 1
937 1
337 1
404 1
690 1
39 1
296 1
86 1
72 1
537 1
344 1
471 1
720 1
198 1
243 1
978 1
264 1
267 1
84 1
46 1
542 1
600 1
163 1
85 1
348 1
248 1
226 1
945 1
87 1
162 1
790 1
395 1
795 1
275 1
735 1
403 1
674 1
117 1
661 1
476 1
881 1
532 1
223 1
108 1
743 1
671 1
25 1
332 1
469 1
206 1
643 1
377 1
637 1
913 1
719 1
699 1
992 1
631 1
452 1
333 1
914 1
385 1
249 1
924 1
916 1
237 1
588 1
950 1
26 1
526 1
364 1
494 1
998 1
825 1
691 1
29 1
360 1
796 1
464 1
17 1
853 1
584 1
827 1
778 1
975 1
121 1
521 1
444 1
673 1
842 1
398 1
662 1
656 1
609 1
997 1
977 1
905 1
728 1
453 1
319 1
906 1
341 1
607 1
399 1
577 1
614 1
327 1
227 1
157 1
238 1
873 1
613 1
666 1
414 1
219 1
256 1
714 1
882 1
196 1
987 1
465 1
963 1
138 1
307 1
262 1
544 1
972 1
667 1
295 1
169 1
224 1
41 1
310 1
897 1
885 1
225 1
124 1
608 1
844 1
62 1
786 1
89 1
926 1
287 1
153 1
675 1
126 1
726 1
180 1
889 1
292 1
98 1
151 1
864 1
773 1
586 1
836 1
592 1
457 1
767 1
500 1
23 1
493 1
572 1
463 1
77 1
565 1
297 1
438 1
969 1
460 1
232 1
38 1
96 1
37 1
733 1
293 1
392 1
583 1
556 1
447 1
82 1
424 1
184 1
231 1
154 1
158 1
912 1
522 1
989 1
758 1
560 1
894 1
205 1
136 1
314 1
602 1
503 1
813 1
561 1
233 1
56 2
793 2
909 2
851 2
813 2
717 2
947 2
177 2
95 2
567 2
248 2
439 2
16 2
622 2
705 2
89 2
700 2
411 2
360 2
108 2
53 2
81 2
575 2
857 2
46 2
632 2
607 2
473 2
625 2
557 2
677 2
438 2
703 2
974 2
488 2
878 2
478 2
741 2
198 2
113 2
681 2
54 2
244 2
222 2
343 2
870 2
684 2
963 2
414 2
436 2
920 2
507 2
119 2
932 2
264 2
527 2
458 2
623 2
993 2
344 2
327 2
349 2
602 2
434 2
79 2
235 2
689 2
159 2
867 2
492 2
296 2
752 2
142 2
774 2
122 2
170 2
922 2
990 2
396 2
308 2
891 2
48 2
391 2
956 2
127 2
390 2
94 2
356 2
352 2
589 2
923 2
731 2
710 2
182 2
771 2
641 2
357 2
605 2
887 2
58 2
294 2
169 2
331 2
82 2
166 2
363 2
266 2
238 2
965 2
663 2
531 2
696 2
565 2
880 2
583 2
135 2
633 2
792 2
818 2
167 2
227 2
906 2
496 2
341 2
268 2
394 3
90 3
526 3
893 3
815 3
29 3
945 3
758 3
434 3
181 3
351 3
972 3
99 3
669 3
504 3
96 3
115 3
326 3
156 3
813 3
467 3
794 3
217 3
696 3
347 3
335 3
207 3
915 3
247 3
235 3
601 3
777 3
913 3
509 3
302 3
483 3
991 3
359 3
118 3
7 3
488 3
738 3
357 3
907 3
231 3
645 3
252 3
366 3
578 3
38 3
171 294
634 994
495 35
801 35
126 671
994 671
495 415
126 362
171 732
126 567
616 294
20 294
495 362
634 362
830 976
732 567
801 732
495 732
732 126
732 35
634 616
635 616
830 126
801 635
20 976
801 415
635 415
634 635
635 362
616 567
171 362
599 294
567 362
495 994
599 126
994 616
171 671
599 495
294 415
801 830
671 976
126 415
830 671
994 732
830 294
634 599
294 35
634 567
495 20
599 830
171 976
801 567
599 732
830 732
732 415
635 994
294 567
634 801
599 994
830 171
801 976
635 732
126 976
616 35
634 830
830 415
599 801
599 362
994 294
635 35
616 671
801 616
294 976
671 362
830 35
