1000
500
939 1
152 1
119 1
953 1
706 1
769 1
395 1
117 1
451 1
65 1
438 1
10 1
987 1
62 1
68 1
645 1
873 1
301 1
692 1
461 1
190 1
58 1
307 1
763 1
723 1
590 1
915 1
525 1
485 1
533 1
391 1
885 1
181 1
907 1
554 1
594 1
354 1
691 1
99 1
658 1
930 1
783 1
136 1
840 1
160 1
219 1
607 1
603 1
182 1
768 1
685 1
674 1
122 1
954 1
784 1
782 1
151 1
518 1
96 1
477 1
233 1
20 1
100 1
712 1
201 1
353 1
267 1
484 1
728 1
129 1
234 1
300 1
781 1
259 1
808 1
983 1
678 1
369 1
114 1
553 1
764 1
568 1
977 1
327 1
506 1
171 1
679 1
311 1
442 1
249 1
606 1
173 1
722 1
72 1
480 1
829 1
914 1
242 1
684 1
830 1
6 1
636 1
803 1
743 1
505 1
738 1
602 1
29 1
966 1
209 1
115 1
466 1
319 1
687 1
527 1
486 1
343 1
124 1
123 1
802 1
774 1
418 1
74 1
616 1
449 1
432 1
316 1
544 1
390 1
725 1
104 1
538 1
351 1
540 1
158 1
248 1
457 1
420 1
285 1
196 1
140 1
507 1
984 1
920 1
529 1
226 1
187 1
81 1
427 1
715 1
824 1
832 1
877 1
737 1
651 1
286 1
211 1
261 1
937 1
478 1
536 1
176 1
362 1
927 1
702 1
804 1
499 1
42 1
424 1
736 1
373 1
82 1
718 1
934 1
884 1
695 1
32 1
393 1
474 1
262 1
970 1
823 1
593 1
532 1
795 1
118 1
618 1
806 1
447 1
531 1
754 1
716 1
511 1
542 1
994 1
735 1
189 1
270 1
838 1
163 1
611 1
854 1
342 1
627 1
203 1
644 1
839 1
139 1
364 1
453 1
274 1
436 1
143 1
341 1
897 1
355 1
696 1
370 1
516 1
257 1
690 1
366 1
372 1
18 1
293 1
280 1
489 1
295 1
680 1
64 1
985 1
394 1
762 1
705 1
296 1
770 1
601 1
629 1
222 1
787 1
700 1
465 1
25 1
405 1
348 1
586 1
820 1
578 1
11 1
128 1
626 2
364 2
888 2
481 2
807 2
346 2
243 2
758 2
726 2
460 2
189 2
564 2
487 2
558 2
115 2
976 2
988 2
562 2
98 2
547 2
934 2
131 2
455 2
603 2
328 2
42 2
939 2
802 2
46 2
762 2
644 2
674 2
987 2
402 2
441 2
720 2
508 2
821 2
192 2
792 2
225 2
393 2
84 2
990 2
975 2
813 2
680 2
965 2
165 2
102 2
353 2
286 2
614 2
911 2
316 2
235 2
13 2
565 2
692 2
952 2
520 2
883 2
101 2
482 2
362 2
654 2
494 2
794 2
389 2
653 2
161 2
430 2
748 2
764 2
406 2
414 2
770 2
517 2
25 2
93 2
790 2
544 2
775 2
534 2
306 2
960 2
90 2
567 2
546 2
222 2
650 2
729 2
388 2
780 2
186 2
493 2
458 2
231 2
80 2
313 2
77 2
501 2
171 2
924 2
966 2
797 2
128 2
218 2
473 2
45 2
100 2
695 2
26 2
276 2
853 2
59 2
207 2
755 2
118 2
936 2
307 2
359 2
670 2
160 2
193 2
803 3
235 3
964 3
589 3
925 3
881 3
408 3
81 3
179 3
902 3
904 3
98 3
49 3
378 3
285 3
729 3
415 3
163 3
20 3
13 3
326 3
292 3
863 3
745 3
822 3
278 3
934 3
748 3
53 3
805 3
905 3
860 3
318 3
797 3
767 3
265 3
174 3
940 3
190 3
530 3
405 3
29 3
108 3
104 3
529 3
347 3
834 3
59 3
646 3
255 3
635 636
524 228
839 969
32 839
228 969
223 300
404 50
223 50
223 636
636 32
524 84
966 300
223 320
501 966
501 300
400 909
50 228
400 966
404 228
635 300
400 524
636 966
223 739
524 320
84 320
635 839
400 307
307 300
223 501
501 404
84 300
524 50
524 909
501 320
501 739
320 839
228 839
524 839
320 909
307 228
635 223
739 909
50 839
400 223
404 307
223 404
501 228
636 839
636 909
223 839
223 524
635 524
636 50
400 320
739 50
400 50
739 966
84 969
404 966
320 50
635 228
909 969
635 909
909 228
524 404
636 969
739 307
636 300
966 32
32 969
635 966
635 404
84 404
966 839
635 84
