1000
800
769 1
998 1
683 1
750 1
547 1
135 1
904 1
205 1
623 1
980 1
855 1
679 1
701 1
67 1
355 1
967 1
937 1
680 1
257 1
698 1
495 1
619 1
996 1
302 1
613 1
931 1
361 1
308 1
321 1
713 1
616 1
36 1
191 1
258 1
65 1
72 1
461 1
375 1
475 1
612 1
728 1
340 1
546 1
455 1
852 1
796 1
157 1
779 1
818 1
332 1
479 1
531 1
775 1
599 1
947 1
622 1
988 1
399 1
781 1
794 1
485 1
14 1
478 1
12 1
389 1
265 1
636 1
333 1
164 1
176 1
29 1
149 1
469 1
500 1
223 1
957 1
521 1
659 1
283 1
949 1
704 1
717 1
608 1
507 1
244 1
415 1
274 1
671 1
210 1
670 1
103 1
530 1
487 1
393 1
759 1
24 1
264 1
167 1
909 1
312 1
101 1
634 1
930 1
32 1
557 1
703 1
95 1
590 1
446 1
919 1
351 1
496 1
491 1
128 1
584 1
143 1
887 1
872 1
295 1
997 1
892 1
363 1
5 1
147 1
366 1
290 1
835 1
598 1
961 1
963 1
696 1
721 1
477 1
575 1
581 1
481 1
840 1
170 1
266 1
869 1
374 1
586 1
131 1
457 1
799 1
471 1
812 1
27 1
75 1
23 1
686 1
84 1
85 1
116 1
499 1
106 1
421 1
777 1
540 1
638 1
319 1
454 1
70 1
583 1
51 1
669 1
291 1
305 1
430 1
288 1
760 1
198 1
249 1
504 1
762 1
33 1
259 1
971 1
861 1
414 1
941 1
440 1
185 1
448 1
509 1
57 1
398 1
735 1
378 1
16 1
498 1
388 1
568 1
773 1
226 1
409 1
240 1
241 1
231 1
348 1
618 1
815 1
992 1
534 1
132 1
688 1
749 1
397 1
417 1
535 1
564 1
811 1
462 1
497 1
706 1
424 1
456 1
936 1
488 1
343 1
602 1
862 1
950 1
370 1
842 1
865 1
719 1
262 1
615 1
549 1
991 1
585 1
108 1
429 1
944 1
571 1
808 1
178 1
395 1
609 1
925 1
626 1
830 1
566 1
310 1
744 1
87 1
484 1
377 1
350 1
543 1
968 1
856 1
821 1
833 1
154 1
179 1
894 1
807 1
858 1
441 1
660 1
133 1
42 1
606 1
465 1
705 1
690 1
591 1
751 1
895 1
60 1
282 1
328 1
449 1
220 1
379 1
999 1
420 1
558 1
834 1
559 1
112 1
146 1
868 1
134 1
247 1
207 1
922 1
396 1
141 1
269 1
90 1
522 1
579 1
169 1
954 1
349 1
655 1
802 1
577 1
217 1
578 1
255 1
642 1
561 1
702 1
627 1
786 1
752 1
824 1
382 1
628 1
201 1
20 1
846 1
433 1
727 1
723 1
722 1
383 1
224 1
573 1
844 1
64 1
955 1
726 1
391 1
493 1
175 1
503 1
130 1
990 1
911 1
885 1
19 1
151 1
782 1
798 1
35 1
972 1
346 1
246 1
592 1
186 1
168 1
661 1
739 1
330 1
587 1
460 1
687 1
951 1
153 1
28 1
327 1
145 1
871 1
229 1
46 1
466 1
878 1
360 1
335 1
629 1
881 1
314 1
287 1
695 1
985 1
594 1
532 1
105 1
743 1
54 1
709 1
665 1
836 1
849 1
732 1
213 1
650 1
753 1
964 1
434 1
155 1
770 1
443 1
467 1
386 1
138 1
248 1
329 1
187 1
635 1
356 1
738 1
301 1
364 1
793 1
579 2
528 2
851 2
691 2
461 2
668 2
664 2
641 2
803 2
259 2
567 2
846 2
413 2
171 2
272 2
206 2
18 2
926 2
594 2
152 2
65 2
16 2
163 2
720 2
690 2
722 2
464 2
179 2
569 2
657 2
130 2
189 2
880 2
517 2
390 2
756 2
422 2
711 2
816 2
322 2
106 2
988 2
7 2
526 2
974 2
269 2
135 2
748 2
919 2
31 2
626 2
495 2
403 2
33 2
777 2
530 2
251 2
689 2
486 2
282 2
543 2
901 2
401 2
865 2
416 2
118 2
366 2
772 2
598 2
311 2
822 2
523 2
389 2
221 2
482 2
599 2
946 2
713 2
247 2
207 2
377 2
47 2
134 2
129 2
61 2
899 2
133 2
286 2
154 2
788 2
680 2
479 2
555 2
534 2
447 2
547 2
117 2
632 2
574 2
143 2
945 2
177 2
122 2
703 2
746 2
749 2
279 2
364 2
318 2
81 2
292 2
137 2
153 2
38 2
666 2
412 2
395 2
631 2
193 2
300 2
84 2
978 2
474 2
953 2
509 2
647 2
410 2
178 2
46 2
511 2
732 2
217 2
165 2
559 2
505 2
29 2
738 2
996 2
83 2
227 2
804 2
353 2
496 2
25 2
150 2
317 2
263 2
223 2
921 2
104 2
806 2
397 2
414 2
905 2
782 2
563 2
673 2
316 2
823 2
709 2
457 2
527 2
811 2
913 2
972 2
411 2
10 2
425 2
677 2
623 2
231 2
708 2
136 2
85 2
293 2
260 2
644 2
856 2
274 2
455 2
646 2
142 2
109 2
635 2
606 2
800 2
997 2
304 2
58 2
828 2
868 2
697 2
954 2
314 2
448 2
24 2
101 2
634 2
889 2
724 2
472 3
576 3
781 3
6 3
4 3
485 3
234 3
459 3
162 3
553 3
118 3
469 3
131 3
246 3
658 3
216 3
127 3
298 3
128 3
922 3
109 3
551 3
140 3
724 3
607 3
863 3
920 3
67 3
153 3
362 3
951 3
950 3
682 3
783 3
30 3
170 3
183 3
120 3
731 3
968 3
853 3
734 3
74 3
488 3
33 3
580 3
577 3
110 3
156 3
969 3
601 3
411 3
704 3
64 3
288 3
886 3
930 3
178 3
712 3
585 3
384 3
764 3
157 3
230 3
198 3
465 3
396 3
357 3
112 3
859 3
899 3
959 3
25 3
743 3
518 3
965 3
263 3
341 3
423 3
635 3
754 265
754 990
171 700
700 833
335 265
718 746
700 238
622 718
171 139
238 990
376 746
5 622
681 171
139 754
622 69
171 833
5 833
238 265
271 990
622 265
622 746
238 69
754 718
5 69
238 746
238 539
681 746
271 746
718 69
271 681
646 718
700 646
5 139
5 746
139 833
700 990
700 265
990 833
539 646
271 700
139 646
681 69
646 265
271 69
681 754
376 69
5 681
754 539
990 265
376 646
139 238
539 376
681 718
139 376
335 746
5 990
265 833
171 718
539 265
376 265
746 833
990 746
990 335
238 718
754 335
271 646
5 376
539 833
700 139
271 833
335 718
171 238
700 622
754 376
990 539
139 539
171 646
238 335
271 376
681 646
754 833
646 746
622 539
271 718
271 139
271 539
681 238
681 990
171 539
622 139
238 833
681 700
681 539
139 265
69 265
754 646
271 265
171 754
335 646
681 139
238 376
700 335
335 69
681 833
5 265
139 335
754 746
265 746
622 833
700 69
238 646
700 718
335 539
681 265
5 238
335 833
5 335
376 718
376 833
622 646
