1000
600
503 1
668 1
959 1
19 1
558 1
417 1
329 1
648 1
95 1
608 1
984 1
119 1
974 1
387 1
153 1
714 1
930 1
62 1
647 1
43 1
845 1
652 1
963 1
290 1
676 1
318 1
522 1
325 1
116 1
655 1
831 1
156 1
363 1
182 1
563 1
925 1
768 1
625 1
477 1
878 1
220 1
216 1
46 1
658 1
600 1
997 1
109 1
979 1
448 1
262 1
752 1
160 1
235 1
242 1
743 1
713 1
126 1
174 1
554 1
42 1
570 1
89 1
407 1
798 1
239 1
219 1
172 1
183 1
53 1
340 1
111 1
135 1
390 1
428 1
982 1
795 1
769 1
778 1
620 1
976 1
799 1
998 1
431 1
730 1
238 1
525 1
812 1
725 1
511 1
794 1
259 1
817 1
813 1
129 1
883 1
101 1
312 1
989 1
932 1
843 1
37 1
280 1
765 1
480 1
383 1
888 1
514 1
142 1
132 1
252 1
392 1
939 1
179 1
617 1
244 1
67 1
702 1
790 1
886 1
986 1
792 1
354 1
956 1
856 1
75 1
836 1
211 1
236 1
427 1
541 1
624 1
232 1
665 1
386 1
412 1
973 1
971 1
571 1
365 1
507 1
519 1
567 1
446 1
20 1
78 1
698 1
282 1
946 1
944 1
926 1
709 1
168 1
689 1
783 1
327 1
952 1
901 1
455 1
102 1
809 1
338 1
824 1
225 1
920 1
581 1
894 1
317 1
375 1
785 1
653 1
576 1
7 1
157 1
948 1
482 1
350 1
787 1
385 1
764 1
887 1
10 1
777 1
237 1
844 1
40 1
900 1
603 1
972 1
513 1
656 1
161 1
818 1
569 1
229 1
128 1
399 1
57 1
411 1
432 1
296 1
436 1
439 1
547 1
669 1
866 1
270 1
150 1
935 1
531 1
543 1
967 1
993 1
975 1
44 1
84 1
245 1
505 1
938 1
683 1
416 1
626 1
619 1
198 1
345 1
305 1
566 1
484 1
591 1
288 1
251 1
36 1
346 1
319 1
68 1
308 1
413 1
322 1
272 1
4 1
351 1
336 1
686 1
955 1
962 1
826 1
106 1
189 1
837 1
805 1
76 1
364 1
458 1
17 1
934 1
176 1
248 1
923 1
96 1
491 1
529 1
584 1
59 1
657 1
246 1
827 1
559 1
803 1
63 1
426 1
681 1
389 1
751 1
545 1
165 1
631 1
634 1
659 1
854 1
527 1
828 1
942 1
91 1
723 1
467 1
321 1
294 1
105 1
200 1
650 1
705 1
49 1
742 1
829 1
618 1
184 1
882 1
18 1
32 1
706 1
398 1
209 2
50 2
188 2
105 2
715 2
739 2
693 2
97 2
364 2
772 2
660 2
602 2
618 2
706 2
234 2
30 2
803 2
769 2
722 2
692 2
688 2
94 2
361 2
579 2
302 2
587 2
399 2
987 2
138 2
489 2
714 2
340 2
683 2
938 2
365 2
513 2
247 2
325 2
902 2
304 2
741 2
370 2
371 2
279 2
687 2
855 2
914 2
542 2
469 2
291 2
887 2
275 2
732 2
49 2
985 2
466 2
427 2
543 2
608 2
801 2
455 2
330 2
140 2
765 2
679 2
879 2
491 2
848 2
571 2
312 2
462 2
720 2
149 2
494 2
173 2
520 2
493 2
682 2
974 2
323 2
757 2
535 2
566 2
745 2
585 2
792 2
410 2
369 2
663 2
230 2
113 2
546 2
216 2
4 2
471 2
6 2
139 2
716 2
674 2
982 2
324 2
943 2
180 2
862 2
438 2
487 2
125 2
41 2
201 2
640 2
904 2
823 2
586 2
758 2
912 2
552 2
748 2
637 2
785 2
833 2
724 2
536 2
867 2
127 2
717 2
407 2
515 2
62 2
435 2
652 2
774 2
117 2
735 2
57 2
349 2
560 2
728 2
55 2
345 2
998 2
821 2
779 2
305 2
165 2
38 2
239 2
29 2
350 2
101 2
572 2
92 3
822 3
362 3
764 3
801 3
753 3
125 3
521 3
695 3
393 3
777 3
386 3
292 3
754 3
495 3
277 3
406 3
512 3
634 3
614 3
954 3
747 3
651 3
855 3
34 3
622 3
422 3
80 3
918 3
420 3
398 3
142 3
21 3
501 3
5 3
77 3
175 3
523 3
296 3
969 3
955 3
525 3
31 3
776 3
461 3
409 3
298 3
596 3
934 3
112 3
559 3
378 3
377 3
680 3
94 3
885 3
758 3
196 3
344 3
426 3
727 686
173 107
20 107
919 727
854 700
772 20
404 854
919 686
62 892
46 805
46 686
205 107
46 883
404 727
892 700
883 892
772 62
892 686
772 205
20 173
772 107
919 107
986 733
46 173
20 805
986 854
196 883
700 173
727 173
986 772
772 883
986 919
196 854
196 686
62 205
854 173
62 733
733 700
986 700
20 686
196 700
986 686
20 892
733 205
62 686
686 205
986 205
62 20
404 892
805 173
772 173
919 700
20 205
46 205
986 404
20 404
986 107
62 700
892 173
733 107
196 404
196 772
772 46
404 805
62 805
196 986
62 107
986 20
404 107
196 919
20 883
686 733
727 892
686 854
986 805
62 173
883 733
62 883
805 205
404 205
196 733
733 173
919 892
772 686
727 733
919 733
883 854
727 805
686 107
62 919
