1000
500
969 1
667 1
936 1
426 1
768 1
900 1
194 1
143 1
571 1
926 1
840 1
464 1
67 1
478 1
381 1
736 1
409 1
328 1
59 1
373 1
899 1
934 1
845 1
378 1
492 1
717 1
162 1
696 1
308 1
19 1
554 1
688 1
831 1
884 1
592 1
347 1
641 1
278 1
615 1
541 1
982 1
312 1
642 1
186 1
313 1
44 1
818 1
644 1
228 1
618 1
670 1
188 1
170 1
271 1
703 1
826 1
943 1
729 1
851 1
518 1
578 1
427 1
745 1
297 1
472 1
163 1
238 1
833 1
580 1
237 1
398 1
780 1
345 1
796 1
956 1
266 1
499 1
178 1
252 1
326 1
757 1
611 1
141 1
264 1
220 1
803 1
530 1
896 1
897 1
110 1
503 1
408 1
508 1
224 1
693 1
406 1
195 1
72 1
262 1
993 1
490 1
750 1
30 1
335 1
914 1
281 1
374 1
443 1
794 1
941 1
933 1
87 1
527 1
414 1
591 1
420 1
451 1
853 1
330 1
981 1
291 1
332 1
559 1
331 1
563 1
290 1
376 1
298 1
329 1
758 1
712 1
720 1
94 1
504 1
964 1
938 1
306 1
455 1
742 1
423 1
491 1
638 1
873 1
577 1
42 1
81 1
115 1
456 1
470 1
325 1
169 1
447 1
377 1
9 1
948 1
268 1
90 1
92 1
675 1
815 1
20 1
719 1
68 1
567 1
142 1
709 1
865 1
208 1
532 1
645 1
628 1
765 1
386 1
784 1
664 1
915 1
135 1
690 1
789 1
46 1
454 1
918 1
124 1
202 1
130 1
835 1
482 1
829 1
372 1
904 1
731 1
994 1
754 1
594 1
804 1
495 1
656 1
661 1
248 1
743 1
190 1
29 1
288 1
99 1
817 1
706 1
60 1
677 1
404 1
953 1
604 1
247 1
197 1
700 1
225 1
548 1
401 1
515 1
352 1
488 1
259 1
510 1
463 1
766 1
379 1
15 1
671 1
358 1
296 1
868 1
842 1
860 1
528 1
337 1
506 1
413 1
319 1
111 1
452 1
353 1
790 1
921 1
230 1
916 1
123 1
450 1
980 1
346 1
600 1
728 1
226 2
99 2
54 2
105 2
441 2
232 2
861 2
548 2
146 2
167 2
212 2
321 2
84 2
693 2
801 2
747 2
958 2
525 2
75 2
813 2
568 2
935 2
544 2
678 2
521 2
914 2
854 2
192 2
78 2
654 2
992 2
333 2
275 2
871 2
493 2
750 2
712 2
518 2
256 2
527 2
550 2
188 2
19 2
835 2
480 2
24 2
467 2
932 2
934 2
633 2
131 2
305 2
884 2
890 2
266 2
468 2
564 2
444 2
206 2
724 2
751 2
701 2
166 2
161 2
641 2
309 2
786 2
605 2
687 2
402 2
531 2
682 2
784 2
506 2
988 2
993 2
584 2
250 2
545 2
360 2
666 2
938 2
210 2
557 2
769 2
592 2
208 2
219 2
440 2
772 2
681 2
442 2
851 2
716 2
177 2
298 2
760 2
15 2
902 2
427 2
723 2
576 2
124 2
303 2
56 2
243 2
699 2
366 2
928 2
82 2
709 2
856 2
135 2
132 2
42 2
644 2
353 2
287 2
624 2
70 2
196 2
40 2
435 2
329 2
180 2
17 3
488 3
779 3
257 3
429 3
341 3
24 3
822 3
127 3
891 3
940 3
222 3
746 3
758 3
136 3
316 3
809 3
447 3
48 3
738 3
814 3
168 3
459 3
955 3
137 3
723 3
887 3
974 3
383 3
385 3
953 3
291 3
325 3
242 3
990 3
740 3
466 3
368 3
51 3
228 3
323 3
35 3
80 3
854 3
502 3
640 3
8 3
265 3
158 3
490 3
225 899
394 472
244 882
931 956
302 192
612 394
661 956
225 190
661 429
612 813
394 429
612 956
813 190
546 980
472 980
429 882
882 899
302 50
627 661
225 429
813 429
612 546
813 192
931 190
661 192
394 956
429 956
931 882
190 882
627 190
627 192
244 980
394 882
627 225
244 192
813 882
190 956
225 244
627 956
661 190
429 190
394 302
50 882
225 813
429 192
394 190
813 244
612 899
50 956
813 980
546 244
980 931
429 899
472 931
394 50
546 50
225 192
813 661
627 472
627 813
190 192
546 225
244 899
612 190
244 190
612 429
627 882
394 661
472 882
931 899
546 661
627 429
612 225
612 192
225 50
