1000
400
318 1
718 1
928 1
30 1
945 1
826 1
103 1
857 1
609 1
616 1
169 1
385 1
894 1
401 1
964 1
10 1
462 1
965 1
528 1
202 1
329 1
415 1
755 1
758 1
26 1
55 1
557 1
553 1
878 1
592 1
120 1
544 1
982 1
646 1
82 1
337 1
31 1
967 1
936 1
177 1
591 1
206 1
829 1
814 1
846 1
880 1
35 1
939 1
157 1
108 1
922 1
988 1
458 1
569 1
47 1
422 1
341 1
105 1
618 1
955 1
454 1
75 1
643 1
912 1
795 1
909 1
46 1
570 1
807 1
873 1
682 1
303 1
472 1
140 1
71 1
580 1
780 1
783 1
853 1
24 1
571 1
704 1
766 1
479 1
343 1
802 1
773 1
717 1
716 1
463 1
968 1
424 1
272 1
204 1
246 1
576 1
897 1
513 1
335 1
74 1
185 1
153 1
602 1
691 1
291 1
0 1
712 1
816 1
883 1
705 1
449 1
328 1
720 1
900 1
360 1
92 1
694 1
901 1
312 1
759 1
649 1
631 1
259 1
298 1
69 1
183 1
995 1
509 1
850 1
249 1
803 1
255 1
971 1
128 1
781 1
734 1
316 1
847 1
713 1
645 1
770 1
508 1
151 1
137 1
727 1
630 1
356 1
364 1
496 1
327 1
136 1
505 1
972 1
365 1
269 1
574 1
186 1
905 1
256 1
160 1
723 1
445 1
6 1
162 1
289 1
821 1
54 1
7 1
654 1
665 1
684 1
598 1
546 1
163 1
154 1
565 1
741 1
306 1
38 1
321 1
225 1
155 1
402 1
844 1
134 1
123 1
639 1
655 1
367 1
203 1
652 1
653 1
386 1
786 1
642 1
414 1
633 1
242 1
695 1
518 1
837 2
647 2
421 2
707 2
691 2
91 2
21 2
758 2
42 2
585 2
420 2
166 2
891 2
228 2
9 2
613 2
759 2
157 2
367 2
920 2
974 2
626 2
671 2
423 2
112 2
242 2
56 2
751 2
523 2
8 2
806 2
594 2
459 2
287 2
397 2
901 2
386 2
590 2
606 2
895 2
762 2
991 2
906 2
783 2
276 2
365 2
728 2
34 2
13 2
636 2
116 2
268 2
833 2
214 2
355 2
686 2
338 2
327 2
878 2
77 2
126 2
341 2
231 2
813 2
631 2
321 2
376 2
859 2
202 2
136 2
453 2
274 2
11 2
199 2
787 2
267 2
96 2
348 2
608 2
862 2
467 2
752 2
528 2
318 2
969 2
226 2
508 2
489 2
802 2
514 2
986 2
329 2
358 2
433 2
300 2
369 2
598 2
186 2
703 2
889 2
622 3
692 3
196 3
154 3
341 3
498 3
828 3
691 3
95 3
603 3
177 3
630 3
218 3
681 3
282 3
670 3
898 3
885 3
816 3
245 3
308 3
73 3
349 3
143 3
21 3
227 3
292 3
474 3
455 3
268 3
15 3
424 3
804 3
467 3
480 3
111 3
478 3
821 3
610 3
706 3
889 644
755 421
299 889
498 149
572 351
498 322
755 782
498 351
498 572
406 149
406 421
55 782
973 406
973 351
644 16
551 644
864 406
55 644
864 572
889 421
795 16
907 149
551 16
889 16
795 644
572 421
864 755
498 889
551 421
795 755
973 551
864 973
973 421
782 406
322 406
572 755
299 406
907 973
55 299
55 755
864 795
498 299
551 406
299 572
149 16
782 421
907 755
572 16
498 782
907 889
973 16
55 351
572 644
498 16
644 149
864 644
755 149
755 351
864 907
864 299
