1000
1000
822 1
62 1
805 1
394 1
994 1
415 1
802 1
513 1
654 1
24 1
23 1
558 1
157 1
843 1
837 1
921 1
21 1
930 1
295 1
679 1
462 1
797 1
896 1
653 1
16 1
31 1
651 1
57 1
515 1
595 1
145 1
776 1
960 1
592 1
286 1
831 1
607 1
506 1
316 1
414 1
886 1
238 1
939 1
164 1
312 1
110 1
855 1
737 1
895 1
155 1
674 1
498 1
319 1
120 1
104 1
754 1
785 1
279 1
55 1
832 1
957 1
778 1
599 1
249 1
551 1
780 1
935 1
447 1
591 1
268 1
163 1
412 1
735 1
731 1
421 1
533 1
461 1
58 1
292 1
574 1
218 1
937 1
913 1
244 1
750 1
331 1
4 1
946 1
92 1
271 1
588 1
374 1
338 1
131 1
624 1
966 1
445 1
483 1
516 1
15 1
615 1
405 1
184 1
282 1
784 1
277 1
908 1
153 1
194 1
252 1
77 1
743 1
694 1
878 1
234 1
705 1
757 1
66 1
206 1
984 1
771 1
952 1
811 1
259 1
882 1
276 1
114 1
393 1
821 1
534 1
507 1
608 1
193 1
936 1
69 1
568 1
80 1
791 1
641 1
761 1
612 1
458 1
546 1
101 1
762 1
147 1
479 1
325 1
585 1
181 1
173 1
809 1
996 1
958 1
745 1
941 1
436 1
455 1
13 1
216 1
64 1
871 1
497 1
135 1
795 1
289 1
649 1
777 1
572 1
285 1
0 1
963 1
710 1
108 1
492 1
100 1
384 1
105 1
636 1
213 1
629 1
517 1
251 1
465 1
540 1
274 1
712 1
53 1
273 1
535 1
258 1
328 1
426 1
332 1
503 1
944 1
971 1
733 1
361 1
900 1
304 1
59 1
262 1
670 1
783 1
581 1
806 1
668 1
367 1
267 1
788 1
854 1
263 1
734 1
997 1
474 1
673 1
169 1
189 1
365 1
792 1
368 1
530 1
358 1
38 1
227 1
362 1
933 1
190 1
576 1
751 1
501 1
884 1
521 1
606 1
645 1
152 1
96 1
161 1
490 1
459 1
67 1
202 1
528 1
326 1
616 1
553 1
290 1
297 1
205 1
556 1
340 1
201 1
844 1
182 1
722 1
111 1
955 1
8 1
675 1
970 1
889 1
912 1
417 1
52 1
775 1
300 1
659 1
632 1
403 1
493 1
79 1
89 1
652 1
665 1
993 1
953 1
583 1
741 1
460 1
224 1
209 1
989 1
70 1
850 1
873 1
123 1
739 1
95 1
532 1
109 1
667 1
514 1
127 1
245 1
437 1
35 1
870 1
425 1
914 1
708 1
846 1
637 1
407 1
578 1
207 1
992 1
454 1
185 1
323 1
701 1
137 1
965 1
134 1
877 1
471 1
948 1
505 1
280 1
347 1
348 1
590 1
999 1
752 1
44 1
484 1
341 1
91 1
413 1
12 1
197 1
755 1
598 1
830 1
502 1
531 1
723 1
203 1
256 1
690 1
284 1
272 1
847 1
480 1
724 1
486 1
219 1
278 1
314 1
962 1
428 1
918 1
359 1
10 1
246 1
324 1
269 1
798 1
504 1
885 1
796 1
68 1
609 1
221 1
904 1
541 1
398 1
907 1
817 1
14 1
366 1
174 1
356 1
360 1
318 1
979 1
56 1
611 1
906 1
424 1
839 1
84 1
475 1
782 1
124 1
550 1
450 1
571 1
117 1
143 1
329 1
759 1
167 1
220 1
223 1
270 1
90 1
27 1
740 1
988 1
910 1
764 1
451 1
352 1
520 1
487 1
34 1
47 1
721 1
746 1
827 1
666 1
395 1
990 1
440 1
732 1
180 1
601 1
444 1
662 1
922 1
432 1
240 1
772 1
177 1
852 1
215 1
350 1
376 1
372 1
748 1
660 1
845 1
982 1
605 1
851 1
529 1
947 1
693 1
859 1
682 1
875 1
288 1
40 1
661 1
728 1
867 1
409 1
294 1
816 1
354 1
211 1
446 1
260 1
236 1
337 1
149 1
235 1
834 1
525 1
879 1
627 1
888 1
856 1
975 1
523 1
942 1
42 1
555 1
582 1
457 1
881 1
548 1
547 1
926 1
230 1
684 1
306 1
526 1
281 1
549 1
380 1
307 1
422 1
977 1
639 1
570 1
899 1
138 1
321 1
803 1
697 1
389 1
625 1
87 1
838 1
434 1
469 1
78 1
99 2
20 2
758 2
623 2
338 2
312 2
16 2
762 2
305 2
383 2
497 2
330 2
411 2
257 2
808 2
696 2
198 2
972 2
683 2
818 2
491 2
571 2
538 2
886 2
130 2
868 2
709 2
695 2
289 2
463 2
184 2
853 2
235 2
935 2
510 2
881 2
763 2
549 2
226 2
610 2
291 2
904 2
855 2
860 2
76 2
382 2
718 2
49 2
820 2
310 2
351 2
757 2
241 2
63 2
143 2
792 2
834 2
945 2
513 2
591 2
252 2
656 2
336 2
165 2
898 2
958 2
85 2
750 2
484 2
789 2
347 2
996 2
277 2
323 2
916 2
724 2
744 2
166 2
520 2
270 2
369 2
190 2
355 2
637 2
402 2
563 2
287 2
481 2
950 2
882 2
835 2
431 2
675 2
556 2
586 2
425 2
506 2
647 2
219 2
766 2
697 2
104 2
704 2
532 2
177 2
777 2
391 2
90 2
518 2
588 2
776 2
550 2
396 2
283 2
440 2
747 2
384 2
501 2
115 2
334 2
227 2
195 2
156 2
716 2
251 2
952 2
926 2
13 2
948 2
536 2
345 2
496 2
346 2
67 2
399 2
625 2
573 2
907 2
42 2
785 2
254 2
912 2
327 2
421 2
10 2
628 2
736 2
125 2
779 2
743 2
78 2
178 2
680 2
50 2
96 2
220 2
486 2
903 2
105 2
566 2
939 2
617 2
910 2
943 2
180 2
234 2
619 2
665 2
58 2
30 2
618 2
884 2
880 2
988 2
528 2
316 2
511 2
600 2
41 2
206 2
815 2
537 2
33 2
492 2
392 2
479 2
353 2
343 2
658 2
361 2
279 2
883 2
822 2
686 2
140 2
498 2
663 2
324 2
173 2
127 2
493 2
720 2
708 2
980 2
449 2
755 2
113 2
204 2
516 2
964 2
269 2
278 2
940 2
862 2
598 2
255 2
108 2
651 2
748 2
172 2
512 2
103 2
772 2
727 2
599 2
434 2
489 2
302 2
43 2
756 2
629 2
650 2
547 2
786 2
622 2
176 2
445 2
690 2
232 2
93 2
871 2
389 2
989 2
414 2
848 2
337 2
429 2
669 2
840 2
311 2
427 2
809 2
138 2
613 2
999 2
238 2
934 2
368 2
6 2
502 2
833 2
524 2
508 2
823 2
769 2
282 2
998 2
773 2
236 2
923 2
388 2
717 2
595 2
873 2
827 2
71 2
405 2
5 2
604 2
478 2
826 2
48 2
160 2
639 2
711 2
233 2
364 2
649 2
218 2
770 2
668 2
555 2
580 2
243 2
424 2
672 2
354 2
638 2
210 2
454 3
172 3
699 3
559 3
764 3
549 3
173 3
56 3
182 3
496 3
888 3
298 3
281 3
966 3
198 3
61 3
551 3
724 3
178 3
227 3
62 3
930 3
44 3
409 3
875 3
120 3
473 3
489 3
926 3
255 3
405 3
15 3
327 3
851 3
453 3
6 3
660 3
235 3
228 3
901 3
645 3
424 3
494 3
373 3
437 3
89 3
637 3
938 3
618 3
768 3
49 3
656 3
763 3
896 3
154 3
127 3
8 3
267 3
796 3
906 3
788 3
177 3
96 3
968 3
215 3
107 3
440 3
54 3
845 3
492 3
338 3
71 3
751 3
507 3
758 3
175 3
955 3
76 3
651 3
53 3
562 3
889 3
893 3
497 3
977 3
396 3
528 3
671 3
46 3
616 3
925 3
380 3
773 3
45 3
165 3
899 3
430 3
438 3
82 3
