1000
500
525 1
802 1
264 1
556 1
731 1
581 1
745 1
73 1
198 1
313 1
560 1
889 1
885 1
170 1
281 1
988 1
457 1
308 1
983 1
957 1
300 1
813 1
261 1
606 1
705 1
769 1
355 1
680 1
589 1
104 1
692 1
986 1
651 1
102 1
814 1
878 1
835 1
295 1
358 1
960 1
617 1
728 1
194 1
521 1
14 1
759 1
392 1
134 1
34 1
232 1
828 1
530 1
279 1
185 1
379 1
830 1
481 1
384 1
783 1
599 1
768 1
24 1
422 1
282 1
341 1
253 1
259 1
12 1
631 1
235 1
890 1
543 1
142 1
172 1
795 1
459 1
368 1
687 1
283 1
470 1
593 1
207 1
883 1
239 1
554 1
653 1
426 1
467 1
659 1
904 1
394 1
146 1
241 1
57 1
972 1
50 1
935 1
99 1
555 1
222 1
92 1
933 1
145 1
707 1
414 1
842 1
790 1
799 1
932 1
234 1
899 1
336 1
45 1
798 1
947 1
495 1
733 1
925 1
484 1
736 1
53 1
429 1
639 1
870 1
735 1
528 1
29 1
636 1
311 1
834 1
41 1
441 1
628 1
461 1
127 1
838 1
699 1
237 1
453 1
227 1
133 1
131 1
242 1
360 1
792 1
826 1
138 1
702 1
174 1
924 1
841 1
100 1
646 1
695 1
80 1
844 1
28 1
936 1
299 1
184 1
805 1
464 1
760 1
352 1
991 1
858 1
746 1
831 1
954 1
488 1
893 1
21 1
357 1
334 1
301 1
786 1
706 1
722 1
389 1
206 1
36 1
15 1
155 1
755 1
584 1
998 1
159 1
992 1
428 1
347 1
693 1
306 1
204 1
652 1
907 1
48 1
189 1
105 1
737 1
672 1
649 1
476 1
25 1
916 1
840 1
444 1
641 1
153 1
147 1
503 1
965 1
541 1
196 1
613 1
817 1
371 1
326 1
894 1
430 1
655 1
833 1
796 1
415 1
161 1
808 1
583 1
393 1
32 1
77 1
365 1
83 1
973 1
405 1
622 1
350 1
163 1
597 1
562 1
752 1
827 1
949 1
420 1
669 1
260 1
563 1
847 1
950 1
447 1
510 1
330 2
832 2
869 2
80 2
932 2
805 2
131 2
357 2
834 2
608 2
157 2
400 2
601 2
78 2
986 2
757 2
98 2
731 2
394 2
270 2
940 2
774 2
219 2
211 2
428 2
504 2
253 2
886 2
921 2
364 2
306 2
840 2
320 2
186 2
802 2
907 2
509 2
350 2
918 2
48 2
888 2
371 2
659 2
831 2
606 2
709 2
389 2
351 2
724 2
612 2
859 2
242 2
212 2
705 2
728 2
286 2
989 2
483 2
782 2
839 2
388 2
331 2
992 2
340 2
894 2
891 2
57 2
529 2
413 2
930 2
61 2
17 2
225 2
224 2
845 2
584 2
604 2
86 2
543 2
374 2
744 2
691 2
787 2
248 2
908 2
34 2
130 2
187 2
966 2
454 2
670 2
406 2
938 2
809 2
133 2
856 2
855 2
565 2
626 2
264 2
618 2
652 2
812 2
610 2
723 2
572 2
507 2
60 2
890 2
781 2
582 2
981 2
401 2
665 2
344 2
471 2
478 2
173 2
319 2
415 2
719 2
316 2
146 2
496 2
123 3
352 3
950 3
844 3
326 3
59 3
728 3
521 3
620 3
468 3
723 3
993 3
623 3
462 3
572 3
715 3
953 3
51 3
553 3
608 3
605 3
113 3
34 3
182 3
646 3
667 3
478 3
90 3
986 3
275 3
587 3
690 3
318 3
968 3
653 3
791 3
397 3
545 3
602 3
803 3
416 3
231 3
589 3
485 3
428 3
538 3
778 3
887 3
995 3
354 979
588 484
518 396
182 345
726 455
203 795
957 191
315 330
406 969
729 638
86 617
146 56
937 919
954 520
166 945
319 270
980 580
85 968
200 898
914 823
71 490
526 827
735 751
929 280
382 357
912 390
763 825
272 259
943 691
422 275
666 842
177 440
322 931
609 886
312 928
56 539
680 383
175 714
715 446
984 215
811 503
821 793
190 684
876 269
317 111
336 127
332 50
454 861
778 350
857 55
268 389
540 574
585 169
993 364
256 830
656 718
881 260
854 581
95 94
62 597
665 232
96 679
713 847
728 584
497 72
800 646
436 710
860 290
645 966
864 681
430 450
495 333
12 128
858 419
