1000
200
203 1
965 1
256 1
821 1
741 1
583 1
188 1
891 1
415 1
219 1
707 1
121 1
101 1
922 1
71 1
534 1
293 1
322 1
288 1
567 1
612 1
194 1
44 1
491 1
874 1
383 1
493 1
693 1
409 1
555 1
946 1
639 1
467 1
80 1
255 1
18 1
361 1
111 1
720 1
316 1
806 1
33 1
214 1
127 1
599 1
351 1
139 1
839 1
924 1
143 1
535 1
339 1
30 1
512 1
929 1
642 1
89 1
134 1
138 1
105 1
27 1
423 1
618 1
606 1
437 1
110 1
619 1
452 1
79 1
656 1
802 1
882 1
876 1
909 1
344 1
846 1
688 1
328 1
334 1
123 1
754 1
414 1
176 1
64 1
272 1
133 1
644 1
352 1
870 1
156 1
436 1
408 1
609 1
878 1
729 1
562 1
356 1
901 1
890 1
5 1
52 2
651 2
599 2
611 2
404 2
388 2
977 2
359 2
312 2
206 2
210 2
361 2
259 2
78 2
859 2
45 2
588 2
369 2
492 2
495 2
197 2
446 2
347 2
370 2
842 2
875 2
727 2
144 2
218 2
714 2
582 2
521 2
877 2
803 2
900 2
741 2
991 2
415 2
601 2
265 2
680 2
809 2
310 2
883 2
235 2
970 2
331 2
344 2
688 2
60 2
523 3
121 3
71 3
723 3
591 3
948 3
199 3
689 3
602 3
519 3
316 3
898 3
107 3
12 3
495 3
157 3
257 3
619 3
90 3
469 3
560 458
887 655
888 655
954 604
136 559
136 954
889 887
888 604
910 887
910 954
923 655
655 458
751 558
233 604
558 805
233 655
136 661
560 886
751 604
751 661
559 655
889 751
560 655
560 888
661 886
923 558
136 558
923 233
233 422
661 233
