1000
500
899 1
936 1
514 1
413 1
830 1
694 1
999 1
838 1
261 1
60 1
462 1
293 1
439 1
527 1
384 1
445 1
36 1
429 1
500 1
676 1
907 1
697 1
764 1
69 1
212 1
132 1
758 1
464 1
960 1
130 1
410 1
548 1
256 1
127 1
202 1
12 1
896 1
275 1
898 1
280 1
91 1
708 1
298 1
691 1
825 1
350 1
442 1
524 1
302 1
118 1
614 1
957 1
530 1
537 1
281 1
626 1
484 1
835 1
693 1
485 1
441 1
994 1
844 1
380 1
286 1
270 1
594 1
756 1
245 1
547 1
26 1
985 1
31 1
366 1
678 1
998 1
775 1
939 1
354 1
592 1
529 1
900 1
16 1
523 1
63 1
78 1
726 1
951 1
330 1
541 1
760 1
622 1
128 1
817 1
476 1
135 1
874 1
836 1
587 1
289 1
307 1
737 1
328 1
360 1
188 1
630 1
953 1
230 1
937 1
641 1
492 1
108 1
323 1
388 1
392 1
789 1
913 1
111 1
689 1
320 1
649 1
677 1
449 1
96 1
619 1
259 1
861 1
962 1
575 1
738 1
329 1
767 1
313 1
117 1
116 1
77 1
703 1
42 1
992 1
437 1
163 1
456 1
670 1
480 1
269 1
426 1
41 1
987 1
862 1
263 1
946 1
376 1
196 1
736 1
894 1
207 1
430 1
834 1
885 1
554 1
766 1
788 1
463 1
226 1
531 1
860 1
674 1
588 1
623 1
883 1
797 1
318 1
44 1
837 1
123 1
880 1
244 1
600 1
339 1
190 1
493 1
855 1
501 1
333 1
285 1
902 1
168 1
842 1
254 1
175 1
741 1
690 1
314 1
567 1
597 1
610 1
7 1
871 1
4 1
458 1
933 1
95 1
194 1
341 1
796 1
799 1
211 1
80 1
688 1
331 1
346 1
260 1
840 1
432 1
134 1
409 1
363 1
909 1
920 1
17 1
215 1
408 1
877 1
536 1
591 1
590 1
414 1
997 1
782 1
890 1
812 1
864 1
385 1
440 1
377 1
390 1
516 1
945 1
682 1
702 1
406 1
822 1
362 1
559 1
273 1
28 1
528 1
454 1
947 1
643 2
111 2
592 2
114 2
354 2
19 2
432 2
59 2
683 2
756 2
891 2
782 2
524 2
132 2
943 2
220 2
892 2
413 2
849 2
768 2
980 2
404 2
737 2
397 2
805 2
102 2
12 2
90 2
760 2
420 2
326 2
176 2
268 2
808 2
875 2
117 2
421 2
471 2
587 2
345 2
335 2
361 2
954 2
341 2
314 2
330 2
97 2
664 2
593 2
108 2
723 2
530 2
344 2
673 2
277 2
53 2
364 2
287 2
539 2
17 2
743 2
61 2
898 2
915 2
396 2
190 2
274 2
681 2
715 2
116 2
879 2
22 2
858 2
460 2
807 2
830 2
468 2
553 2
188 2
157 2
721 2
904 2
975 2
387 2
513 2
554 2
982 2
866 2
595 2
633 2
713 2
195 2
27 2
488 2
243 2
707 2
331 2
216 2
846 2
754 2
300 2
197 2
500 2
76 2
646 2
304 2
466 2
825 2
800 2
131 2
422 2
822 2
541 2
443 2
512 2
511 2
590 2
299 2
476 2
346 2
981 2
280 2
619 2
929 2
626 3
551 3
659 3
117 3
905 3
755 3
621 3
593 3
743 3
407 3
173 3
91 3
751 3
208 3
714 3
213 3
829 3
990 3
745 3
217 3
960 3
267 3
390 3
120 3
513 3
890 3
678 3
260 3
501 3
582 3
784 3
804 3
126 3
909 3
664 3
49 3
438 3
586 3
0 3
963 3
24 3
476 3
397 3
305 3
580 3
528 3
863 3
444 3
526 3
568 198
720 313
957 369
378 268
777 277
137 650
986 217
326 613
614 126
379 331
234 840
915 598
606 324
880 989
432 86
241 8
903 187
976 307
899 648
95 909
469 450
636 701
965 89
773 911
227 922
962 106
832 194
623 528
226 682
34 785
135 795
823 14
321 598
595 872
739 565
707 458
912 342
784 151
493 63
908 302
998 985
900 12
807 968
203 547
7 996
401 977
221 366
785 154
279 685
780 107
456 897
617 551
876 80
453 916
288 652
985 446
389 8
392 281
485 53
29 945
723 960
610 217
462 0
866 122
729 695
216 684
879 198
396 618
372 182
815 654
411 397
416 96
390 581
6 313
