1000
400
602 1
377 1
822 1
67 1
482 1
911 1
393 1
385 1
418 1
159 1
803 1
344 1
242 1
607 1
705 1
625 1
491 1
296 1
365 1
885 1
472 1
145 1
965 1
907 1
208 1
221 1
969 1
372 1
467 1
412 1
632 1
218 1
861 1
531 1
400 1
594 1
272 1
25 1
658 1
5 1
424 1
356 1
458 1
813 1
660 1
291 1
72 1
724 1
89 1
262 1
794 1
737 1
908 1
615 1
46 1
355 1
618 1
438 1
852 1
761 1
8 1
184 1
507 1
554 1
930 1
9 1
322 1
811 1
486 1
904 1
820 1
527 1
306 1
564 1
770 1
657 1
484 1
116 1
893 1
186 1
93 1
303 1
968 1
651 1
271 1
389 1
124 1
38 1
259 1
269 1
446 1
572 1
814 1
225 1
666 1
926 1
714 1
332 1
702 1
333 1
451 1
172 1
828 1
694 1
443 1
88 1
331 1
855 1
664 1
485 1
692 1
626 1
674 1
201 1
673 1
868 1
543 1
680 1
478 1
856 1
425 1
305 1
802 1
639 1
479 1
755 1
247 1
375 1
115 1
829 1
519 1
771 1
730 1
329 1
577 1
588 1
947 1
522 1
476 1
36 1
16 1
34 1
958 1
52 1
111 1
463 1
568 1
228 1
764 1
668 1
528 1
346 1
324 1
780 1
417 1
460 1
264 1
12 1
289 1
465 1
641 1
39 1
691 1
109 1
844 1
539 1
898 1
745 1
937 1
342 1
701 1
679 1
548 1
188 1
949 1
698 1
249 1
913 1
973 1
295 1
862 1
492 1
785 1
315 1
391 1
359 1
512 1
96 1
993 1
192 1
63 1
138 1
767 1
199 1
410 1
316 1
793 1
872 1
606 1
126 1
160 2
707 2
742 2
122 2
713 2
425 2
595 2
148 2
84 2
228 2
764 2
637 2
219 2
306 2
820 2
434 2
649 2
887 2
49 2
205 2
620 2
422 2
659 2
386 2
378 2
113 2
568 2
447 2
490 2
388 2
785 2
837 2
725 2
508 2
638 2
456 2
571 2
267 2
591 2
231 2
90 2
271 2
656 2
597 2
338 2
170 2
154 2
844 2
312 2
266 2
870 2
504 2
8 2
424 2
355 2
954 2
939 2
123 2
726 2
455 2
904 2
203 2
941 2
679 2
719 2
480 2
48 2
668 2
44 2
238 2
34 2
906 2
196 2
188 2
387 2
559 2
146 2
529 2
116 2
572 2
450 2
206 2
28 2
45 2
830 2
579 2
171 2
782 2
324 2
421 2
899 2
728 2
132 2
367 2
552 2
839 2
596 2
948 2
949 2
799 2
873 3
374 3
916 3
991 3
219 3
48 3
201 3
142 3
529 3
863 3
117 3
481 3
509 3
446 3
629 3
21 3
511 3
878 3
737 3
147 3
138 3
981 3
800 3
159 3
231 3
476 3
594 3
313 3
69 3
940 3
84 3
515 3
305 3
370 3
119 3
397 3
419 3
742 3
348 3
895 3
869 90
406 384
713 384
393 21
284 384
934 406
869 62
62 21
934 62
284 722
713 523
406 261
393 384
934 284
62 284
950 606
48 606
950 90
62 354
551 75
934 393
62 606
406 75
551 21
551 869
406 869
284 90
62 523
90 354
62 950
722 384
261 950
713 406
261 393
713 284
934 384
48 393
406 62
75 384
934 713
261 21
722 21
62 90
48 90
934 869
950 21
869 75
934 354
869 284
62 393
713 62
284 21
934 551
90 523
261 384
75 284
354 384
48 21
934 950
406 48
