1000
500
976 1
142 1
495 1
786 1
265 1
460 1
279 1
891 1
943 1
165 1
753 1
472 1
186 1
563 1
967 1
588 1
457 1
217 1
918 1
382 1
828 1
688 1
262 1
367 1
771 1
980 1
973 1
925 1
516 1
470 1
933 1
213 1
430 1
874 1
795 1
507 1
863 1
485 1
463 1
735 1
822 1
585 1
806 1
315 1
274 1
201 1
105 1
397 1
369 1
843 1
873 1
751 1
418 1
514 1
496 1
549 1
155 1
33 1
766 1
593 1
722 1
176 1
55 1
535 1
354 1
129 1
674 1
439 1
102 1
648 1
344 1
599 1
553 1
691 1
6 1
360 1
312 1
680 1
28 1
597 1
850 1
79 1
236 1
62 1
323 1
256 1
490 1
12 1
747 1
425 1
937 1
480 1
979 1
221 1
48 1
50 1
172 1
726 1
197 1
484 1
845 1
528 1
906 1
93 1
396 1
23 1
128 1
416 1
159 1
458 1
931 1
370 1
600 1
756 1
411 1
813 1
240 1
991 1
775 1
266 1
336 1
335 1
941 1
413 1
424 1
846 1
745 1
492 1
298 1
10 1
81 1
608 1
487 1
840 1
787 1
130 1
989 1
127 1
214 1
100 1
499 1
207 1
96 1
703 1
339 1
150 1
854 1
309 1
849 1
307 1
777 1
407 1
292 1
63 1
581 1
587 1
836 1
958 1
848 1
790 1
580 1
613 1
508 1
708 1
455 1
454 1
659 1
465 1
826 1
586 1
13 1
253 1
39 1
924 1
343 1
143 1
474 1
665 1
151 1
995 1
162 1
932 1
112 1
16 1
638 1
621 1
778 1
818 1
5 1
243 1
652 1
520 1
897 1
94 1
752 1
224 1
671 1
904 1
538 1
427 1
560 1
834 1
193 1
290 1
432 1
678 1
316 1
446 1
926 1
909 1
566 1
361 1
392 1
887 1
807 1
942 1
645 1
631 1
123 1
9 1
124 1
456 1
113 1
106 1
741 1
517 1
573 1
248 1
98 1
125 1
669 1
556 1
88 1
744 1
324 1
799 1
384 1
679 1
927 1
709 1
853 1
57 1
442 1
595 1
357 1
409 1
700 1
75 1
132 1
64 1
594 2
12 2
647 2
505 2
939 2
80 2
426 2
297 2
124 2
23 2
949 2
192 2
827 2
694 2
809 2
715 2
310 2
963 2
966 2
355 2
373 2
439 2
900 2
849 2
395 2
542 2
322 2
25 2
290 2
995 2
341 2
902 2
729 2
144 2
388 2
381 2
538 2
805 2
878 2
146 2
121 2
777 2
320 2
461 2
970 2
667 2
623 2
721 2
546 2
992 2
699 2
184 2
329 2
932 2
216 2
537 2
921 2
276 2
620 2
480 2
138 2
31 2
265 2
261 2
185 2
660 2
100 2
698 2
703 2
372 2
382 2
39 2
224 2
543 2
99 2
5 2
888 2
45 2
905 2
541 2
135 2
893 2
588 2
581 2
794 2
126 2
492 2
35 2
808 2
301 2
336 2
186 2
813 2
364 2
29 2
665 2
864 2
514 2
176 2
428 2
748 2
477 2
945 2
421 2
971 2
279 2
458 2
768 2
483 2
736 2
306 2
330 2
359 2
69 2
396 2
140 2
682 2
980 2
576 2
618 2
154 2
691 2
443 2
511 2
559 2
782 3
647 3
419 3
699 3
199 3
160 3
117 3
836 3
417 3
246 3
888 3
240 3
414 3
852 3
426 3
384 3
657 3
370 3
681 3
715 3
938 3
525 3
131 3
76 3
200 3
884 3
809 3
825 3
947 3
255 3
94 3
571 3
292 3
243 3
261 3
549 3
944 3
644 3
801 3
450 3
619 3
32 3
770 3
395 3
939 3
407 3
52 3
106 3
57 3
282 3
848 942
885 224
598 224
942 634
528 634
885 942
623 235
927 885
598 984
528 842
984 251
322 251
598 358
885 797
927 942
797 842
942 224
927 224
528 358
634 984
792 322
528 251
528 224
848 528
927 824
942 984
623 598
358 842
848 842
927 598
797 598
322 942
623 824
885 792
251 842
848 322
322 224
927 848
885 598
623 927
358 406
942 842
235 251
634 251
598 942
848 598
235 406
598 406
927 792
942 358
885 235
927 322
634 224
598 235
623 797
885 358
797 984
598 251
623 358
598 842
797 824
235 224
792 598
792 848
598 528
251 406
848 358
322 235
885 406
792 528
927 634
848 251
322 984
235 634
623 251
