1000
1000
371 1
725 1
392 1
614 1
709 1
238 1
223 1
248 1
463 1
259 1
927 1
220 1
456 1
747 1
880 1
786 1
552 1
470 1
167 1
406 1
824 1
152 1
501 1
55 1
201 1
740 1
162 1
438 1
863 1
649 1
905 1
604 1
588 1
793 1
99 1
507 1
130 1
171 1
329 1
764 1
812 1
402 1
49 1
836 1
929 1
328 1
219 1
399 1
533 1
32 1
192 1
236 1
957 1
25 1
255 1
718 1
357 1
290 1
688 1
6 1
917 1
914 1
522 1
488 1
959 1
989 1
149 1
376 1
763 1
634 1
31 1
610 1
563 1
244 1
646 1
389 1
643 1
677 1
265 1
888 1
382 1
367 1
352 1
883 1
197 1
741 1
798 1
251 1
913 1
136 1
54 1
287 1
134 1
231 1
858 1
672 1
254 1
246 1
613 1
35 1
721 1
954 1
27 1
939 1
924 1
394 1
971 1
449 1
732 1
513 1
942 1
304 1
183 1
809 1
892 1
502 1
279 1
984 1
690 1
962 1
578 1
852 1
122 1
884 1
124 1
569 1
919 1
652 1
655 1
11 1
267 1
529 1
990 1
997 1
619 1
692 1
556 1
546 1
627 1
946 1
397 1
951 1
514 1
390 1
256 1
277 1
103 1
253 1
426 1
242 1
585 1
965 1
427 1
645 1
503 1
272 1
700 1
861 1
738 1
73 1
838 1
964 1
770 1
20 1
344 1
61 1
788 1
509 1
261 1
542 1
154 1
278 1
424 1
121 1
691 1
864 1
106 1
9 1
347 1
916 1
94 1
380 1
441 1
17 1
757 1
581 1
572 1
199 1
607 1
378 1
669 1
560 1
146 1
675 1
109 1
968 1
758 1
731 1
353 1
875 1
782 1
781 1
443 1
284 1
137 1
346 1
417 1
95 1
615 1
72 1
482 1
608 1
119 1
603 1
129 1
48 1
471 1
379 1
609 1
825 1
205 1
30 1
368 1
662 1
429 1
303 1
348 1
96 1
531 1
176 1
744 1
753 1
670 1
403 1
159 1
59 1
323 1
387 1
706 1
358 1
294 1
211 1
311 1
653 1
105 1
511 1
564 1
349 1
660 1
459 1
912 1
889 1
422 1
127 1
896 1
592 1
60 1
628 1
283 1
813 1
832 1
554 1
963 1
79 1
982 1
385 1
495 1
908 1
157 1
227 1
767 1
849 1
576 1
698 1
720 1
320 1
492 1
139 1
923 1
210 1
524 1
761 1
717 1
493 1
102 1
745 1
16 1
374 1
938 1
567 1
362 1
313 1
221 1
650 1
904 1
910 1
239 1
324 1
941 1
298 1
661 1
901 1
893 1
181 1
75 1
687 1
895 1
214 1
274 1
814 1
816 1
173 1
204 1
701 1
408 1
791 1
505 1
224 1
772 1
894 1
383 1
817 1
801 1
659 1
363 1
915 1
165 1
300 1
638 1
743 1
454 1
518 1
481 1
297 1
561 1
155 1
338 1
156 1
697 1
333 1
356 1
226 1
461 1
830 1
445 1
431 1
633 1
519 1
920 1
713 1
794 1
281 1
759 1
862 1
803 1
381 1
184 1
63 1
526 1
694 1
996 1
285 1
401 1
855 1
630 1
839 1
850 1
876 1
805 1
506 1
900 1
7 1
584 1
434 1
400 1
296 1
637 1
693 1
853 1
131 1
928 1
750 1
342 1
574 1
307 1
866 1
970 1
260 1
44 1
918 1
911 1
597 1
517 1
617 1
666 1
286 1
141 1
815 1
851 1
868 1
500 1
43 1
974 1
326 1
53 1
991 1
112 1
188 1
452 1
999 1
457 1
985 1
623 1
187 1
337 1
266 1
419 1
621 1
107 1
752 1
735 1
887 1
118 1
730 1
369 1
726 1
762 1
395 1
528 1
229 1
235 1
820 1
639 1
158 1
437 1
508 1
190 1
200 1
319 1
775 1
590 1
10 1
587 1
843 1
580 1
696 1
983 1
906 1
712 1
163 1
340 1
734 1
841 1
992 1
185 1
559 1
5 1
978 1
602 1
335 1
510 1
785 1
232 1
365 1
987 1
897 1
854 1
902 1
742 1
203 1
943 1
748 1
804 1
699 1
654 1
416 1
948 1
341 1
148 1
126 1
678 1
212 1
640 1
711 1
428 1
41 1
398 1
658 1
856 1
802 1
651 1
600 1
865 1
117 1
84 1
257 1
305 1
164 1
663 1
295 1
685 2
810 2
604 2
211 2
496 2
217 2
603 2
245 2
93 2
227 2
388 2
877 2
414 2
535 2
681 2
762 2
842 2
77 2
47 2
150 2
878 2
6 2
229 2
943 2
790 2
594 2
995 2
769 2
930 2
357 2
621 2
652 2
378 2
722 2
63 2
457 2
782 2
28 2
665 2
235 2
821 2
296 2
690 2
740 2
384 2
139 2
670 2
644 2
74 2
781 2
523 2
307 2
549 2
181 2
479 2
975 2
751 2
460 2
450 2
715 2
747 2
112 2
999 2
948 2
797 2
153 2
197 2
513 2
162 2
561 2
475 2
547 2
634 2
424 2
931 2
966 2
466 2
784 2
132 2
282 2
468 2
306 2
419 2
969 2
894 2
840 2
386 2
683 2
350 2
912 2
9 2
383 2
563 2
91 2
353 2
499 2
207 2
283 2
51 2
158 2
221 2
525 2
562 2
816 2
151 2
86 2
215 2
328 2
936 2
965 2
368 2
70 2
295 2
160 2
7 2
650 2
159 2
856 2
625 2
636 2
297 2
697 2
574 2
841 2
896 2
808 2
824 2
537 2
994 2
846 2
662 2
111 2
814 2
580 2
672 2
536 2
692 2
591 2
105 2
185 2
677 2
494 2
891 2
619 2
605 2
892 2
135 2
323 2
385 2
75 2
163 2
998 2
87 2
498 2
33 2
954 2
433 2
865 2
240 2
255 2
510 2
718 2
444 2
676 2
554 2
396 2
287 2
679 2
815 2
21 2
259 2
200 2
216 2
369 2
754 2
300 2
617 2
15 2
398 2
188 2
545 2
437 2
916 2
585 2
590 2
913 2
208 2
564 2
854 2
569 2
397 2
367 2
58 2
729 2
191 2
409 2
597 2
668 2
26 2
577 2
206 2
117 2
959 2
183 2
770 2
660 2
927 2
435 2
16 2
273 2
104 2
401 2
538 2
374 2
140 2
78 2
581 2
355 2
416 2
868 2
756 2
321 2
765 2
872 2
311 2
726 2
220 2
42 2
780 2
700 2
675 2
101 2
802 2
663 2
567 2
942 2
607 2
265 2
137 2
696 2
10 2
442 2
727 2
852 2
126 2
168 2
528 2
202 2
92 2
351 2
685 3
238 3
696 3
806 3
285 3
286 3
835 3
762 3
527 3
875 3
167 3
280 3
793 3
225 3
264 3
313 3
44 3
220 3
203 3
76 3
293 3
788 3
540 3
831 3
271 3
823 3
977 3
158 3
549 3
827 3
559 3
391 3
104 3
460 3
120 3
93 3
22 3
544 3
992 3
777 3
834 3
419 3
376 3
161 3
651 3
736 3
406 3
414 3
603 3
55 3
877 3
507 3
503 3
717 3
758 3
295 3
523 3
985 3
166 3
326 3
858 3
791 3
868 3
965 3
483 3
781 3
656 3
670 3
783 3
602 3
402 3
231 3
228 3
789 3
508 3
317 3
829 3
693 3
713 3
144 3
560 3
306 3
526 3
640 3
294 3
810 3
766 3
957 3
454 3
639 3
692 3
780 3
502 3
51 3
388 3
567 3
731 3
453 3
267 3
397 3
962 591
523 420
12 269
523 714
231 316
293 591
370 591
269 420
523 915
349 420
201 714
130 52
760 962
316 658
349 201
962 293
231 591
523 821
760 420
269 821
760 915
760 714
915 591
12 231
349 821
231 349
269 52
349 714
658 591
370 420
12 714
130 523
12 130
12 370
349 760
349 591
130 915
12 316
420 821
231 370
52 962
269 915
714 420
269 591
316 714
130 962
231 201
349 269
201 293
52 201
269 760
52 591
370 714
760 293
130 760
201 523
962 915
231 269
12 760
12 52
12 293
316 523
962 523
52 714
130 714
349 658
714 293
201 658
658 420
370 821
52 915
915 714
760 523
316 821
231 523
231 962
962 420
201 591
130 293
231 52
231 293
915 293
231 658
316 52
269 293
523 293
349 962
12 349
316 760
231 760
760 591
130 370
370 293
231 821
915 420
349 52
915 821
370 962
269 316
293 420
52 523
523 658
760 201
714 591
962 658
523 591
349 130
293 821
962 714
269 523
760 52
231 915
316 370
370 915
316 915
760 821
293 658
349 915
12 523
349 293
269 962
316 201
316 591
962 821
370 658
714 658
231 130
130 269
370 523
52 420
130 821
130 591
714 821
12 591
12 915
231 420
52 658
316 420
52 370
201 962
52 821
12 420
269 201
316 293
201 420
316 962
760 658
130 316
658 821
12 821
