1000
600
778 1
10 1
389 1
666 1
320 1
336 1
463 1
825 1
817 1
234 1
547 1
167 1
321 1
908 1
4 1
21 1
594 1
274 1
975 1
9 1
481 1
797 1
364 1
665 1
434 1
551 1
612 1
311 1
306 1
742 1
718 1
57 1
360 1
308 1
968 1
567 1
89 1
140 1
543 1
97 1
76 1
22 1
392 1
939 1
187 1
408 1
443 1
576 1
203 1
446 1
914 1
483 1
643 1
489 1
507 1
359 1
715 1
86 1
470 1
238 1
963 1
911 1
646 1
92 1
327 1
508 1
142 1
723 1
853 1
525 1
841 1
478 1
844 1
300 1
477 1
430 1
252 1
53 1
858 1
169 1
822 1
194 1
773 1
596 1
973 1
37 1
855 1
71 1
36 1
250 1
966 1
289 1
195 1
713 1
183 1
720 1
892 1
209 1
428 1
732 1
249 1
410 1
823 1
157 1
530 1
454 1
581 1
969 1
890 1
17 1
198 1
926 1
87 1
575 1
577 1
131 1
84 1
638 1
762 1
23 1
708 1
229 1
527 1
29 1
291 1
6 1
98 1
933 1
242 1
491 1
510 1
648 1
388 1
294 1
535 1
436 1
915 1
604 1
962 1
842 1
313 1
566 1
704 1
380 1
211 1
315 1
124 1
542 1
482 1
669 1
932 1
31 1
722 1
881 1
368 1
49 1
809 1
331 1
920 1
337 1
816 1
893 1
473 1
402 1
951 1
764 1
747 1
396 1
199 1
370 1
786 1
24 1
685 1
280 1
40 1
299 1
990 1
27 1
244 1
613 1
873 1
511 1
412 1
799 1
754 1
573 1
317 1
179 1
72 1
670 1
756 1
213 1
792 1
500 1
619 1
904 1
721 1
588 1
151 1
771 1
877 1
457 1
419 1
447 1
103 1
304 1
386 1
734 1
716 1
395 1
107 1
241 1
913 1
753 1
726 1
769 1
727 1
263 1
736 1
562 1
929 1
251 1
765 1
830 1
126 1
465 1
700 1
56 1
303 1
815 1
878 1
474 1
782 1
775 1
285 1
661 1
556 1
829 1
998 1
521 1
432 1
248 1
93 1
850 1
363 1
383 1
802 1
737 1
265 1
886 1
287 1
493 1
728 1
330 1
984 1
366 1
462 1
163 1
298 1
516 1
545 1
223 1
977 1
693 1
876 1
678 1
486 1
956 1
173 1
937 1
707 1
247 1
733 1
675 1
490 1
121 1
353 1
501 1
297 1
935 1
342 1
620 1
295 1
8 1
847 1
232 1
228 1
959 1
671 1
909 1
230 1
706 1
257 1
840 1
255 1
884 1
466 1
110 1
838 1
63 1
701 2
544 2
86 2
991 2
256 2
764 2
892 2
766 2
193 2
840 2
15 2
419 2
574 2
648 2
558 2
713 2
836 2
107 2
952 2
597 2
618 2
411 2
804 2
422 2
403 2
166 2
849 2
376 2
677 2
238 2
626 2
22 2
556 2
940 2
71 2
0 2
196 2
453 2
484 2
662 2
129 2
203 2
774 2
494 2
584 2
269 2
110 2
40 2
995 2
61 2
938 2
871 2
577 2
780 2
246 2
570 2
427 2
285 2
516 2
524 2
861 2
58 2
250 2
436 2
953 2
989 2
219 2
922 2
716 2
982 2
567 2
43 2
211 2
374 2
999 2
144 2
425 2
564 2
605 2
595 2
562 2
868 2
434 2
936 2
631 2
608 2
150 2
265 2
27 2
884 2
604 2
33 2
348 2
367 2
986 2
534 2
263 2
65 2
760 2
215 2
698 2
307 2
225 2
509 2
325 2
924 2
118 2
782 2
853 2
394 2
142 2
668 2
932 2
886 2
918 2
960 2
607 2
197 2
916 2
120 2
879 2
72 2
24 2
830 2
278 2
954 2
288 2
785 2
407 2
386 2
754 2
16 2
658 2
198 2
858 2
473 2
457 2
35 2
224 2
398 2
888 2
963 2
845 2
894 2
167 2
616 2
528 2
25 2
405 2
164 2
878 3
877 3
926 3
222 3
624 3
323 3
561 3
618 3
722 3
265 3
646 3
935 3
605 3
40 3
530 3
766 3
391 3
896 3
116 3
601 3
576 3
119 3
313 3
551 3
65 3
6 3
406 3
597 3
886 3
441 3
359 3
145 3
996 3
794 3
123 3
412 3
823 3
938 3
809 3
169 3
52 3
434 3
35 3
750 3
876 3
71 3
311 3
867 3
228 3
538 3
960 3
14 3
659 3
458 3
990 3
691 3
505 3
959 3
141 3
179 3
828 615
34 647
615 937
114 22
828 221
560 615
358 615
114 184
560 636
647 277
110 221
34 302
828 636
828 34
34 221
615 636
277 937
34 184
756 302
184 615
114 560
302 937
615 126
22 828
560 289
289 302
114 302
22 358
828 647
828 937
110 277
756 937
110 289
114 358
302 126
756 277
114 110
184 636
560 871
358 647
34 937
22 615
114 937
636 126
22 647
34 636
560 22
756 289
34 756
221 871
828 871
560 277
22 221
828 184
756 184
560 126
184 871
647 126
615 871
110 34
560 302
34 289
289 126
560 358
110 871
937 871
358 828
221 302
615 289
22 34
34 871
114 647
560 184
114 277
756 615
647 636
289 871
358 277
560 647
358 110
34 277
110 647
110 636
615 277
22 302
358 221
114 34
114 871
22 277
114 636
