1000
500
609 1
569 1
827 1
706 1
128 1
453 1
152 1
703 1
899 1
814 1
758 1
783 1
888 1
912 1
176 1
788 1
956 1
407 1
756 1
997 1
571 1
19 1
680 1
953 1
206 1
792 1
269 1
822 1
96 1
941 1
53 1
536 1
302 1
965 1
465 1
519 1
675 1
207 1
909 1
336 1
971 1
30 1
911 1
346 1
204 1
163 1
701 1
832 1
633 1
285 1
389 1
823 1
458 1
222 1
960 1
411 1
606 1
564 1
693 1
636 1
685 1
148 1
755 1
918 1
276 1
305 1
365 1
811 1
67 1
652 1
604 1
169 1
850 1
476 1
76 1
347 1
692 1
322 1
291 1
342 1
835 1
311 1
18 1
437 1
929 1
821 1
45 1
410 1
846 1
281 1
54 1
279 1
507 1
256 1
102 1
919 1
544 1
610 1
763 1
588 1
195 1
363 1
660 1
402 1
173 1
12 1
865 1
329 1
924 1
642 1
539 1
489 1
647 1
75 1
583 1
457 1
397 1
999 1
27 1
570 1
884 1
496 1
547 1
535 1
409 1
623 1
356 1
110 1
371 1
125 1
662 1
917 1
723 1
892 1
710 1
140 1
376 1
801 1
414 1
663 1
488 1
21 1
355 1
958 1
79 1
9 1
412 1
842 1
456 1
481 1
404 1
893 1
794 1
209 1
131 1
358 1
266 1
739 1
854 1
224 1
669 1
118 1
338 1
913 1
579 1
819 1
486 1
789 1
622 1
534 1
839 1
659 1
601 1
146 1
731 1
233 1
215 1
123 1
506 1
554 1
68 1
852 1
795 1
246 1
983 1
973 1
142 1
872 1
515 1
768 1
0 1
634 1
370 1
628 1
323 1
818 1
225 1
258 1
698 1
303 1
980 1
180 1
56 1
228 1
130 1
166 1
557 1
845 1
498 1
657 1
49 1
187 1
686 1
235 1
253 1
438 1
442 1
124 1
750 1
812 1
681 1
483 1
989 1
315 1
978 1
896 1
161 1
345 1
760 1
678 1
48 1
615 1
34 1
168 1
867 1
401 1
704 1
877 1
735 1
460 1
505 1
501 1
415 1
189 1
377 1
668 1
425 1
696 1
593 1
533 1
509 2
352 2
412 2
678 2
523 2
247 2
16 2
171 2
439 2
926 2
29 2
308 2
50 2
891 2
201 2
572 2
495 2
878 2
722 2
681 2
200 2
30 2
304 2
149 2
243 2
225 2
487 2
297 2
344 2
914 2
482 2
986 2
711 2
433 2
747 2
493 2
6 2
505 2
463 2
78 2
107 2
43 2
56 2
617 2
545 2
351 2
456 2
654 2
47 2
621 2
828 2
136 2
843 2
948 2
977 2
885 2
84 2
752 2
118 2
278 2
922 2
923 2
313 2
411 2
215 2
143 2
498 2
133 2
396 2
204 2
499 2
827 2
513 2
694 2
640 2
490 2
973 2
89 2
72 2
749 2
339 2
38 2
874 2
535 2
575 2
48 2
31 2
19 2
85 2
635 2
534 2
639 2
395 2
949 2
485 2
731 2
589 2
958 2
896 2
64 2
808 2
372 2
894 2
83 2
710 2
494 2
966 2
416 2
105 2
192 2
554 2
785 2
746 2
341 2
46 2
57 2
400 2
193 2
512 2
522 2
879 2
500 2
574 2
801 2
562 2
591 3
601 3
962 3
222 3
21 3
374 3
947 3
101 3
603 3
116 3
741 3
206 3
325 3
760 3
626 3
904 3
504 3
722 3
494 3
19 3
15 3
940 3
463 3
693 3
897 3
58 3
907 3
25 3
77 3
946 3
869 3
334 3
685 3
906 3
455 3
529 3
223 3
982 3
513 3
729 3
154 3
564 3
825 3
114 3
976 3
936 3
838 3
598 3
560 3
928 3
788 78
345 702
874 341
788 329
788 407
341 702
960 78
912 466
788 345
788 329
58 78
788 58
407 942
788 960
788 341
247 293
247 58
293 345
874 407
345 942
247 942
247 188
550 407
874 788
247 702
293 341
78 407
58 341
329 466
960 188
247 960
341 78
329 407
960 942
874 771
329 702
874 912
960 329
788 942
771 345
788 550
466 407
58 466
788 771
874 702
771 702
78 942
788 466
345 78
341 912
466 345
341 466
788 407
58 550
874 942
58 771
58 293
702 78
874 466
293 407
788 247
550 912
960 702
345 188
293 466
58 702
247 78
247 550
466 188
874 345
788 188
788 466
329 912
293 329
874 960
