1000
800
479 1
880 1
892 1
858 1
592 1
447 1
345 1
709 1
512 1
668 1
742 1
573 1
933 1
835 1
133 1
325 1
419 1
169 1
434 1
803 1
674 1
381 1
320 1
605 1
940 1
962 1
842 1
628 1
528 1
876 1
816 1
106 1
618 1
649 1
187 1
36 1
551 1
595 1
854 1
837 1
464 1
622 1
217 1
138 1
986 1
129 1
878 1
24 1
407 1
488 1
758 1
996 1
43 1
254 1
344 1
127 1
832 1
937 1
280 1
411 1
798 1
955 1
981 1
462 1
370 1
9 1
725 1
210 1
141 1
896 1
368 1
643 1
776 1
221 1
621 1
340 1
501 1
174 1
808 1
616 1
114 1
680 1
278 1
323 1
946 1
886 1
128 1
392 1
420 1
884 1
40 1
587 1
780 1
634 1
376 1
711 1
889 1
766 1
792 1
253 1
14 1
536 1
989 1
544 1
498 1
436 1
288 1
341 1
755 1
111 1
516 1
16 1
623 1
814 1
559 1
511 1
624 1
177 1
335 1
495 1
428 1
620 1
286 1
467 1
794 1
827 1
211 1
508 1
105 1
91 1
45 1
53 1
521 1
863 1
640 1
271 1
767 1
263 1
860 1
862 1
265 1
4 1
35 1
563 1
198 1
929 1
330 1
94 1
11 1
720 1
435 1
836 1
648 1
967 1
22 1
163 1
661 1
59 1
999 1
181 1
439 1
822 1
324 1
968 1
19 1
641 1
565 1
405 1
589 1
199 1
650 1
694 1
236 1
864 1
75 1
497 1
104 1
44 1
203 1
260 1
656 1
205 1
206 1
593 1
8 1
65 1
529 1
526 1
568 1
47 1
366 1
554 1
983 1
402 1
145 1
917 1
468 1
925 1
872 1
182 1
272 1
583 1
922 1
741 1
440 1
800 1
664 1
739 1
158 1
762 1
747 1
154 1
895 1
718 1
813 1
911 1
520 1
540 1
379 1
337 1
285 1
537 1
556 1
117 1
149 1
704 1
318 1
257 1
963 1
611 1
844 1
482 1
166 1
28 1
454 1
93 1
549 1
736 1
377 1
524 1
438 1
585 1
503 1
289 1
973 1
687 1
429 1
297 1
868 1
920 1
84 1
580 1
812 1
746 1
267 1
472 1
465 1
333 1
317 1
300 1
276 1
910 1
165 1
115 1
959 1
67 1
532 1
879 1
152 1
633 1
619 1
190 1
108 1
281 1
151 1
487 1
590 1
202 1
301 1
729 1
970 1
737 1
596 1
647 1
588 1
255 1
740 1
291 1
966 1
550 1
143 1
10 1
425 1
702 1
367 1
867 1
357 1
395 1
383 1
695 1
692 1
904 1
231 1
455 1
853 1
617 1
591 1
713 1
33 1
757 1
598 1
732 1
927 1
55 1
326 1
642 1
558 1
845 1
545 1
653 1
783 1
828 1
478 1
32 1
494 1
485 1
88 1
638 1
708 1
606 1
778 1
738 1
394 1
571 1
416 1
410 1
373 1
764 1
140 1
437 1
262 1
557 1
460 1
307 1
644 1
191 1
897 1
703 1
678 1
655 1
979 1
404 1
83 1
771 1
473 1
681 1
669 1
239 1
426 1
424 1
57 1
268 1
21 1
760 1
458 1
469 1
665 1
824 1
31 1
629 1
848 1
782 1
179 1
192 1
492 1
632 1
978 1
522 1
594 1
80 1
443 1
493 1
448 1
645 1
232 1
299 1
248 1
657 1
930 1
625 1
243 1
456 1
607 1
209 1
449 1
652 1
562 1
304 1
938 1
727 1
374 2
271 2
454 2
234 2
522 2
360 2
814 2
279 2
862 2
663 2
391 2
464 2
405 2
74 2
158 2
168 2
864 2
708 2
611 2
227 2
406 2
734 2
87 2
546 2
108 2
427 2
918 2
527 2
721 2
455 2
469 2
558 2
461 2
841 2
898 2
183 2
981 2
210 2
506 2
269 2
9 2
896 2
515 2
659 2
274 2
420 2
347 2
795 2
225 2
678 2
868 2
14 2
763 2
430 2
687 2
465 2
613 2
673 2
18 2
326 2
675 2
207 2
680 2
926 2
349 2
880 2
398 2
194 2
999 2
620 2
889 2
996 2
785 2
346 2
757 2
980 2
512 2
434 2
395 2
927 2
563 2
379 2
968 2
504 2
253 2
727 2
175 2
606 2
301 2
533 2
351 2
573 2
64 2
483 2
448 2
595 2
92 2
239 2
197 2
861 2
754 2
458 2
631 2
614 2
446 2
361 2
356 2
732 2
548 2
650 2
683 2
589 2
820 2
899 2
468 2
34 2
845 2
644 2
907 2
574 2
991 2
196 2
370 2
690 2
472 2
604 2
878 2
51 2
336 2
408 2
658 2
330 2
494 2
935 2
372 2
206 2
265 2
696 2
6 2
416 2
148 2
410 2
854 2
324 2
101 2
597 2
417 2
404 2
891 2
656 2
598 2
652 2
770 2
273 2
755 2
593 2
267 2
177 2
174 2
229 2
102 2
521 2
380 2
341 2
325 2
792 2
643 2
162 2
340 2
983 2
808 2
12 2
541 2
45 2
871 2
775 2
674 2
503 2
913 2
516 2
281 2
655 2
672 2
396 2
81 2
392 2
412 2
32 2
881 2
283 2
288 2
27 2
129 2
35 2
104 2
415 2
496 2
86 2
508 2
906 2
917 3
872 3
70 3
946 3
706 3
685 3
642 3
895 3
479 3
853 3
345 3
268 3
173 3
8 3
270 3
486 3
828 3
996 3
849 3
932 3
263 3
441 3
154 3
535 3
645 3
531 3
344 3
770 3
89 3
227 3
33 3
868 3
236 3
239 3
377 3
323 3
923 3
816 3
681 3
168 3
841 3
314 3
733 3
312 3
790 3
21 3
784 3
356 3
985 3
713 3
271 3
416 3
765 3
575 3
456 3
983 3
891 3
478 3
349 3
557 3
644 3
244 3
905 3
199 3
341 3
95 3
982 3
115 3
776 3
465 3
81 3
643 3
446 3
873 3
166 3
387 3
975 3
193 3
689 3
802 3
915 305
305 460
791 438
253 873
873 881
475 438
139 881
317 946
915 724
475 705
253 460
317 791
873 826
791 705
305 826
726 724
247 475
247 609
317 460
475 881
944 475
791 826
915 791
726 438
915 253
253 724
915 475
460 881
944 946
726 705
915 609
438 460
873 946
944 609
247 317
247 460
253 705
139 724
139 705
726 881
253 791
139 460
247 944
944 791
726 944
253 139
317 881
726 946
873 944
253 305
460 826
253 944
791 609
873 609
791 724
873 438
253 946
791 946
475 946
438 724
915 438
873 726
317 438
305 438
791 881
475 826
946 460
705 881
247 305
791 460
915 317
944 305
881 609
475 724
946 609
873 139
139 609
305 724
253 609
944 705
247 724
317 724
946 881
724 881
317 609
139 826
317 726
944 826
946 826
247 438
946 724
944 139
247 946
726 305
460 609
247 881
915 946
253 475
475 460
247 791
826 609
305 609
247 726
915 881
305 881
438 881
475 791
873 317
826 881
438 946
438 705
317 139
726 791
253 438
305 705
944 724
253 726
317 305
438 609
247 873
