1000
500
138 1
302 1
715 1
868 1
600 1
691 1
144 1
442 1
102 1
286 1
427 1
749 1
436 1
54 1
319 1
106 1
556 1
917 1
592 1
871 1
874 1
334 1
847 1
673 1
709 1
18 1
369 1
298 1
642 1
738 1
681 1
425 1
91 1
669 1
743 1
198 1
604 1
896 1
555 1
145 1
173 1
472 1
720 1
233 1
289 1
752 1
958 1
755 1
946 1
586 1
539 1
418 1
128 1
107 1
632 1
813 1
399 1
344 1
881 1
180 1
45 1
5 1
751 1
665 1
880 1
252 1
498 1
36 1
789 1
774 1
585 1
596 1
142 1
235 1
105 1
544 1
125 1
972 1
353 1
914 1
390 1
716 1
269 1
397 1
25 1
983 1
640 1
421 1
832 1
733 1
349 1
275 1
73 1
403 1
780 1
414 1
803 1
984 1
226 1
493 1
329 1
900 1
223 1
841 1
846 1
668 1
779 1
927 1
986 1
588 1
90 1
294 1
815 1
428 1
341 1
207 1
636 1
547 1
209 1
562 1
686 1
477 1
57 1
858 1
393 1
203 1
680 1
864 1
159 1
947 1
883 1
940 1
690 1
464 1
611 1
573 1
98 1
758 1
942 1
679 1
166 1
599 1
314 1
719 1
467 1
698 1
4 1
515 1
380 1
711 1
261 1
964 1
785 1
999 1
987 1
579 1
684 1
740 1
232 1
761 1
407 1
773 1
388 1
635 1
133 1
357 1
525 1
259 1
571 1
706 1
29 1
850 1
982 1
389 1
50 1
219 1
692 1
564 1
450 1
557 1
908 1
580 1
492 1
185 1
612 1
55 1
802 1
975 1
993 1
39 1
300 1
224 1
187 1
511 1
413 1
523 1
531 1
439 1
157 1
364 1
916 1
323 1
818 1
408 1
861 1
502 1
960 1
522 1
20 1
767 1
577 1
34 1
192 1
110 1
619 1
503 1
338 1
593 1
862 1
920 1
448 1
394 1
429 1
652 1
856 1
140 1
844 1
93 1
714 1
10 1
337 1
837 1
152 1
565 1
118 1
634 1
170 1
117 1
852 1
466 1
384 1
65 1
40 1
728 1
954 1
639 1
362 1
21 1
122 1
734 1
503 2
282 2
65 2
866 2
108 2
725 2
265 2
480 2
695 2
948 2
158 2
762 2
876 2
307 2
550 2
442 2
208 2
252 2
739 2
569 2
172 2
154 2
684 2
765 2
149 2
618 2
474 2
168 2
718 2
676 2
940 2
905 2
896 2
139 2
15 2
135 2
224 2
707 2
641 2
741 2
822 2
870 2
759 2
685 2
49 2
25 2
500 2
23 2
909 2
345 2
505 2
47 2
935 2
886 2
565 2
30 2
700 2
375 2
526 2
426 2
512 2
155 2
789 2
498 2
999 2
68 2
203 2
964 2
651 2
600 2
227 2
105 2
215 2
294 2
393 2
575 2
79 2
81 2
246 2
601 2
848 2
815 2
457 2
165 2
372 2
44 2
491 2
891 2
181 2
801 2
388 2
606 2
234 2
967 2
668 2
225 2
129 2
574 2
196 2
893 2
211 2
740 2
177 2
605 2
674 2
383 2
931 2
166 2
932 2
486 2
440 2
854 2
404 2
798 2
374 2
400 2
603 2
680 2
447 2
296 2
126 2
244 2
523 2
577 2
151 2
239 3
657 3
80 3
390 3
642 3
912 3
102 3
911 3
290 3
449 3
280 3
379 3
194 3
375 3
399 3
663 3
736 3
745 3
785 3
357 3
938 3
123 3
810 3
730 3
623 3
839 3
506 3
99 3
725 3
398 3
522 3
702 3
804 3
28 3
458 3
978 3
928 3
417 3
840 3
361 3
613 3
186 3
767 3
384 3
412 3
191 3
152 3
619 3
331 3
178 3
271 679
373 661
373 462
462 563
154 462
979 620
657 785
862 661
657 620
185 620
785 979
373 302
185 862
154 611
271 858
271 563
462 858
563 679
154 679
979 858
657 271
154 127
302 617
611 661
302 620
979 611
373 154
979 271
154 620
373 127
657 127
373 271
373 679
979 862
185 858
979 617
661 462
185 271
127 679
785 862
271 127
657 563
362 858
862 462
657 679
185 979
271 462
611 271
862 679
185 127
362 127
563 858
862 858
862 620
785 271
373 862
657 862
185 462
154 661
785 858
661 127
679 858
657 979
617 858
785 127
661 271
611 858
302 462
979 154
617 620
979 127
979 462
362 271
620 127
657 302
