1000
500
730 1
397 1
775 1
706 1
560 1
734 1
425 1
308 1
28 1
44 1
735 1
852 1
586 1
315 1
612 1
427 1
440 1
529 1
101 1
412 1
822 1
780 1
817 1
495 1
34 1
327 1
345 1
926 1
494 1
373 1
909 1
831 1
958 1
838 1
266 1
901 1
118 1
599 1
782 1
254 1
413 1
186 1
115 1
304 1
816 1
256 1
194 1
694 1
998 1
810 1
880 1
931 1
9 1
263 1
218 1
718 1
430 1
170 1
26 1
362 1
607 1
788 1
709 1
318 1
343 1
950 1
264 1
554 1
279 1
902 1
583 1
643 1
945 1
245 1
803 1
202 1
470 1
881 1
723 1
10 1
786 1
995 1
715 1
562 1
665 1
940 1
649 1
122 1
545 1
647 1
919 1
856 1
385 1
460 1
667 1
487 1
310 1
476 1
886 1
633 1
99 1
531 1
713 1
237 1
158 1
342 1
133 1
383 1
511 1
18 1
739 1
928 1
147 1
748 1
785 1
736 1
878 1
521 1
393 1
278 1
530 1
546 1
842 1
128 1
138 1
979 1
990 1
313 1
695 1
938 1
535 1
565 1
48 1
548 1
959 1
829 1
110 1
45 1
358 1
678 1
223 1
962 1
251 1
743 1
812 1
109 1
183 1
836 1
691 1
248 1
716 1
23 1
259 1
701 1
340 1
483 1
193 1
246 1
161 1
177 1
885 1
189 1
741 1
721 1
222 1
452 1
754 1
860 1
749 1
112 1
824 1
416 1
314 1
992 1
114 1
150 1
652 1
662 1
285 1
927 1
550 1
157 1
939 1
219 1
6 1
720 1
984 1
126 1
176 1
306 1
971 1
363 1
619 1
384 1
111 1
800 1
861 1
325 1
920 1
689 1
999 1
868 1
95 1
577 1
982 1
227 1
320 1
682 1
638 1
474 1
504 1
937 1
265 1
847 1
466 1
53 1
295 1
540 1
869 1
924 1
669 1
760 1
319 1
618 1
316 1
598 1
729 1
704 1
571 1
837 1
196 1
307 1
180 1
206 1
650 1
985 1
567 1
351 1
732 1
228 1
471 1
435 1
894 1
804 1
480 1
744 1
952 1
39 1
973 1
118 2
148 2
198 2
470 2
755 2
647 2
424 2
508 2
480 2
110 2
578 2
48 2
715 2
790 2
433 2
589 2
915 2
956 2
951 2
388 2
273 2
409 2
482 2
454 2
185 2
447 2
955 2
983 2
152 2
254 2
159 2
542 2
227 2
756 2
500 2
6 2
835 2
349 2
358 2
109 2
788 2
186 2
949 2
184 2
507 2
205 2
68 2
33 2
120 2
488 2
232 2
67 2
826 2
52 2
824 2
641 2
376 2
194 2
7 2
234 2
135 2
414 2
85 2
958 2
129 2
279 2
39 2
458 2
997 2
632 2
699 2
810 2
984 2
776 2
957 2
340 2
596 2
74 2
798 2
202 2
940 2
729 2
726 2
350 2
659 2
863 2
593 2
442 2
528 2
437 2
586 2
335 2
494 2
238 2
533 2
112 2
901 2
251 2
291 2
348 2
890 2
963 2
849 2
603 2
986 2
812 2
60 2
149 2
894 2
562 2
541 2
209 2
661 2
602 2
362 2
882 2
61 2
369 2
605 2
531 2
272 2
425 2
859 2
491 2
712 3
832 3
860 3
858 3
484 3
319 3
139 3
316 3
855 3
896 3
519 3
815 3
580 3
573 3
902 3
237 3
85 3
634 3
363 3
73 3
867 3
779 3
838 3
356 3
213 3
477 3
612 3
704 3
70 3
300 3
736 3
614 3
689 3
345 3
629 3
381 3
681 3
686 3
245 3
971 3
79 3
123 3
10 3
118 3
142 3
353 3
880 3
924 3
916 3
932 26
155 197
623 179
174 403
574 106
315 562
667 325
635 6
754 828
43 835
257 226
234 399
448 39
678 563
745 426
590 762
546 575
150 573
934 439
445 35
106 347
801 172
786 385
400 470
142 799
232 943
185 907
851 492
741 533
925 814
236 16
955 277
553 453
344 958
340 467
406 773
636 380
372 227
790 997
962 771
339 276
765 863
79 714
589 619
698 519
577 693
212 989
173 909
58 290
137 316
425 931
990 432
208 482
866 797
388 579
624 118
679 479
398 561
828 844
729 202
312 588
699 695
266 921
963 627
97 384
259 167
196 45
454 39
318 811
604 773
746 993
517 387
8 959
238 37
