1500
1000
344 1
1409 1
852 1
1357 1
547 1
193 1
115 1
58 1
766 1
1320 1
470 1
605 1
583 1
327 1
651 1
908 1
375 1
130 1
267 1
747 1
648 1
393 1
1430 1
1366 1
753 1
1057 1
1416 1
1491 1
1180 1
1194 1
1188 1
114 1
438 1
1228 1
892 1
774 1
684 1
148 1
1159 1
1459 1
1331 1
1418 1
665 1
291 1
234 1
871 1
560 1
1181 1
1145 1
776 1
22 1
606 1
1453 1
256 1
649 1
966 1
855 1
596 1
1166 1
1178 1
360 1
860 1
1391 1
93 1
832 1
791 1
489 1
1103 1
1463 1
1472 1
6 1
676 1
132 1
1208 1
191 1
1193 1
1230 1
161 1
1173 1
1358 1
63 1
70 1
78 1
1234 1
1162 1
507 1
664 1
1397 1
895 1
824 1
1095 1
76 1
797 1
938 1
1296 1
29 1
823 1
421 1
724 1
1093 1
441 1
974 1
124 1
543 1
541 1
15 1
379 1
1401 1
383 1
749 1
1450 1
1098 1
34 1
462 1
493 1
845 1
7 1
1243 1
1078 1
677 1
816 1
981 1
377 1
1344 1
409 1
250 1
867 1
237 1
576 1
408 1
1256 1
770 1
1482 1
805 1
512 1
1283 1
388 1
644 1
1236 1
1143 1
1443 1
1113 1
284 1
638 1
218 1
931 1
946 1
280 1
1156 1
685 1
849 1
773 1
794 1
277 1
803 1
301 1
1343 1
786 1
177 1
915 1
1070 1
1240 1
667 1
660 1
1046 1
531 1
198 1
870 1
626 1
1284 1
844 1
128 1
251 1
1171 1
77 1
819 1
17 1
419 1
503 1
520 1
332 1
882 1
330 1
285 1
1073 1
538 1
316 1
73 1
732 1
788 1
571 1
544 1
358 1
51 1
562 1
1451 1
1449 1
955 1
141 1
111 1
1492 1
1363 1
1157 1
526 1
783 1
295 1
1262 1
550 1
328 1
11 1
1381 1
243 1
624 1
804 1
490 1
616 1
27 1
160 1
631 1
706 1
1092 1
1071 1
745 1
755 1
100 1
934 1
1215 1
1353 1
904 1
925 1
460 1
690 1
151 1
950 1
591 1
740 1
1251 1
1196 1
861 1
808 1
1442 1
107 1
935 1
668 1
1440 1
68 1
137 1
450 1
951 1
693 1
1055 1
689 1
185 1
509 1
1350 1
1355 1
742 1
495 1
444 1
483 1
577 1
508 1
1001 1
1417 1
405 1
728 1
1043 1
868 1
715 1
1051 1
1148 1
1031 1
371 1
1199 1
279 1
875 1
941 1
398 1
1420 1
1217 1
517 1
523 1
1360 1
343 1
661 1
112 1
276 1
789 1
31 1
1184 1
134 1
1214 1
916 1
1354 1
369 1
1376 1
1267 1
593 1
1272 1
299 1
890 1
275 1
680 1
367 1
528 1
1064 1
699 1
432 1
518 1
834 1
575 1
45 1
1306 1
1033 1
0 1
455 1
1045 1
932 1
167 1
646 1
1225 1
120 1
847 1
1254 1
171 1
1012 1
1258 1
877 1
452 1
553 1
939 1
342 1
233 1
722 1
885 1
127 1
5 1
415 1
820 1
1465 1
540 1
406 1
418 1
1282 1
372 1
731 1
972 1
312 1
555 1
872 1
1090 1
401 1
1134 1
1150 1
213 1
943 1
1019 1
928 1
389 1
174 1
271 1
23 1
798 1
1439 1
744 1
1321 1
529 1
414 1
1072 1
1249 1
1069 1
477 1
682 1
357 1
757 1
147 1
927 1
561 1
1275 1
617 1
1060 1
1314 1
308 1
1022 1
585 1
678 1
975 1
1365 1
265 1
1044 1
385 1
52 1
1050 1
825 1
434 1
595 1
72 1
1476 1
525 1
790 1
473 1
1151 1
705 1
478 1
232 1
428 1
779 1
1195 1
323 1
334 1
746 1
656 1
903 1
92 1
189 1
314 1
1109 1
310 1
136 1
272 1
1347 1
87 1
519 1
1169 1
1203 1
56 1
1490 1
1059 1
192 1
1307 1
944 1
223 1
554 1
1218 1
365 1
459 1
604 1
545 1
239 1
1117 1
504 1
338 1
1075 1
655 1
1429 1
184 1
1280 1
1394 1
1301 1
829 1
979 1
426 1
1048 1
907 1
1402 1
566 1
611 1
318 1
878 1
752 1
67 1
709 1
502 1
632 1
457 1
1422 1
1404 1
780 1
1277 1
1431 1
1102 1
422 1
505 1
602 1
203 1
881 1
1205 1
1316 1
356 1
211 1
911 1
281 1
1497 1
1288 1
826 1
380 1
1052 1
977 1
1338 1
1081 1
1493 1
1400 1
1141 1
153 1
381 1
286 1
1309 1
81 1
258 1
739 2
1355 2
865 2
80 2
211 2
324 2
151 2
552 2
1053 2
1126 2
20 2
929 2
772 2
775 2
1198 2
438 2
199 2
377 2
140 2
565 2
698 2
258 2
671 2
834 2
42 2
618 2
854 2
1058 2
432 2
993 2
44 2
1182 2
1052 2
454 2
1167 2
1081 2
494 2
1068 2
1072 2
455 2
638 2
1268 2
707 2
1455 2
405 2
311 2
817 2
41 2
1445 2
466 2
347 2
74 2
879 2
989 2
928 2
536 2
676 2
442 2
1047 2
1242 2
1296 2
805 2
1216 2
870 2
937 2
1135 2
965 2
90 2
763 2
568 2
1391 2
697 2
1267 2
1240 2
961 2
1168 2
669 2
467 2
838 2
1303 2
1491 2
1020 2
946 2
1497 2
766 2
800 2
403 2
163 2
765 2
111 2
1464 2
619 2
1414 2
709 2
573 2
480 2
272 2
49 2
688 2
1346 2
99 2
1318 2
560 2
621 2
52 2
313 2
1213 2
521 2
136 2
188 2
316 2
1111 2
282 2
1141 2
1080 2
274 2
344 2
1062 2
678 2
991 2
1409 2
414 2
851 2
872 2
949 2
7 2
1088 2
501 2
304 2
1200 2
713 2
842 2
115 2
416 2
1439 2
146 2
67 2
631 2
1175 2
380 2
554 2
232 2
107 2
1402 2
66 2
527 2
134 2
592 2
622 2
1392 2
1449 2
702 2
1015 2
181 2
1183 2
1378 2
791 2
68 2
279 2
1079 2
736 2
1008 2
191 2
288 2
544 2
732 2
1398 2
215 2
813 2
1416 2
1385 2
955 2
1043 2
624 2
1326 2
978 2
1450 2
396 2
1124 2
744 2
243 2
1100 2
1179 2
212 2
14 2
139 2
821 2
216 2
1019 2
148 2
283 2
312 2
452 2
400 2
497 2
1262 2
133 2
1247 2
1202 2
1314 2
932 2
1248 2
178 2
1189 2
1132 2
972 2
659 2
1353 2
1112 2
743 2
458 2
1375 2
100 2
29 2
545 2
360 2
150 2
948 2
600 2
1017 2
23 2
1070 2
489 2
857 2
1435 2
606 2
1250 2
189 2
420 2
1421 2
730 2
398 2
137 2
837 2
873 2
1369 2
1142 2
415 2
1462 2
1085 2
299 2
1286 2
518 2
921 2
684 2
623 2
908 2
1481 2
443 2
399 2
495 2
887 2
1434 2
1387 2
1122 2
1496 2
306 2
88 2
1437 2
832 2
880 2
665 2
935 2
35 2
557 2
305 2
966 2
315 2
1447 2
1343 2
616 2
235 2
237 2
141 2
446 2
478 2
830 2
359 2
1470 2
1320 2
259 2
793 2
738 2
1232 2
1239 2
962 2
1063 2
293 2
355 2
1280 2
172 2
847 2
1032 2
51 2
1319 2
643 2
131 2
474 2
471 2
354 3
839 3
1387 3
171 3
1363 3
1240 3
861 3
744 3
496 3
1245 3
1393 3
917 3
597 3
1235 3
1213 3
653 3
366 3
1292 3
630 3
541 3
978 3
134 3
211 3
395 3
578 3
1181 3
314 3
412 3
1330 3
159 3
1402 3
1431 3
526 3
1124 3
66 3
1352 3
1322 3
476 3
1493 3
857 3
1353 3
1309 3
232 3
494 3
581 3
274 3
1204 3
1485 3
1480 3
258 3
220 3
805 3
327 3
698 3
1332 3
837 3
996 3
934 3
976 3
499 3
743 3
145 3
283 3
16 3
1045 3
847 3
710 3
514 3
1049 3
489 3
315 3
1210 3
446 3
213 3
164 3
49 3
1295 3
1414 3
190 3
50 3
756 3
1465 3
1340 3
8 3
859 3
688 3
466 3
948 3
525 3
390 3
648 3
1288 3
563 3
1302 3
586 3
1479 3
1224 3
1196 3
898 3
803 64
741 276
1052 699
377 1439
586 199
58 543
940 1406
680 970
969 412
356 879
983 398
1220 1180
1111 708
778 1189
858 396
1244 361
325 1350
972 372
1189 840
710 1262
1217 739
507 732
1478 1129
367 151
605 1309
11 1230
446 695
46 223
1489 948
335 1336
1186 643
639 1201
1420 860
1285 239
573 228
956 1485
1342 318
1049 199
1114 105
1475 1423
1222 19
691 14
865 581
785 79
1361 305
1180 920
1466 116
753 1243
1389 1160
1059 283
959 1020
1329 993
90 241
962 535
220 459
423 146
252 1426
849 735
934 771
372 1166
960 1055
963 926
733 1305
837 1288
935 786
879 862
269 505
147 82
578 1212
619 822
648 347
1339 715
1325 512
548 773
1315 93
1149 1237
947 999
320 1023
303 757
722 768
1171 12
295 551
1363 1174
744 490
445 1380
867 1491
1068 177
401 885
508 985
833 1296
850 42
801 1162
602 601
1288 1423
772 616
210 930
456 555
504 689
993 1310
