30000
1000
16787 1
7539 1
29954 1
28569 1
12275 1
20074 1
4063 1
24575 1
2138 1
3448 1
2710 1
4080 1
15932 1
28219 1
25186 1
27470 1
18095 1
1194 1
28389 1
17093 1
463 1
28825 1
4641 1
3519 1
12735 1
17374 1
1035 1
16297 1
4360 1
29248 1
25707 1
26145 1
23901 1
1992 1
23869 1
7519 1
16240 1
19426 1
5252 1
24342 1
9386 1
28270 1
11442 1
22956 1
27181 1
26493 1
26945 1
15555 1
21237 1
16954 1
6590 1
26928 1
22422 1
23500 1
5998 1
25991 1
20490 1
26376 1
26994 1
28518 1
4203 1
23376 1
19450 1
5737 1
15099 1
24956 1
4882 1
27474 1
29913 1
6873 1
20544 1
5224 1
9660 1
6765 1
10671 1
4808 1
20833 1
27420 1
2422 1
22661 1
1506 1
23557 1
8748 1
265 1
4128 1
19491 1
15209 1
4209 1
18716 1
23179 1
25859 1
15919 1
25400 1
13274 1
29338 1
7148 1
23387 1
18959 1
1639 1
25087 1
14940 1
19843 1
385 1
12183 1
27839 1
24777 1
16437 1
19954 1
18167 1
5402 1
4718 1
3511 1
25078 1
6673 1
9092 1
20190 1
12187 1
29067 1
18912 1
13732 1
5406 1
21611 1
27812 1
13929 1
14033 1
21590 1
13233 1
3583 1
27338 1
9369 1
11073 1
879 1
9291 1
27098 1
21235 1
20819 1
21622 1
15270 1
28110 1
12098 1
24228 1
11776 1
5631 1
15164 1
13130 1
20661 1
12604 1
29359 1
7464 1
22786 1
29978 1
2443 1
3823 1
4448 1
18169 1
22240 1
29709 1
10956 1
7975 1
15145 1
6789 1
23476 1
3908 1
4037 1
27054 1
14589 1
3868 1
26100 1
26960 1
6241 1
3312 1
11595 1
18131 1
9402 1
12085 1
12906 1
3922 1
23067 1
3524 1
21171 1
8475 1
8023 1
9308 1
16339 1
6039 1
25345 1
3624 1
27091 1
20942 1
11132 1
20866 1
19220 1
10010 1
1143 1
25167 1
1995 1
4293 1
27863 1
27547 1
16000 1
17198 1
23984 1
16892 1
27105 1
25095 1
1735 1
1642 1
22816 1
1921 1
22985 1
13283 1
18576 1
6914 1
9674 1
15125 1
1501 1
13937 1
17802 1
5460 1
4721 1
16717 1
12277 1
13643 1
2323 1
19030 1
24003 1
27894 1
9346 1
25090 1
17665 1
20408 1
18584 1
4140 1
854 1
2221 1
1217 1
13616 1
12649 1
12588 1
28687 1
26892 1
314 1
1684 1
11549 1
8066 1
18832 1
23753 1
11689 1
23188 1
26292 1
14269 1
22560 1
28476 1
156 1
12454 1
25941 1
1247 1
4820 1
19379 1
25319 1
26461 1
16668 1
1381 1
1831 1
3702 1
5010 1
17347 1
17240 1
7775 1
22314 1
10118 1
18873 1
20011 1
17559 1
15389 1
21040 1
18017 1
3174 1
14058 1
959 1
20941 1
8465 1
14077 1
18292 1
8910 1
28481 1
18203 1
23895 1
8049 1
2641 1
22836 1
5792 1
19117 1
16371 1
15180 1
18802 1
20743 1
20457 1
16724 1
6123 1
4681 1
7151 1
9858 1
22258 1
7273 1
1376 1
11946 1
20511 1
18408 1
2860 1
14733 1
24493 1
18492 1
19999 1
27380 1
556 1
7159 1
6037 1
25575 1
13242 1
3485 1
19597 1
28749 1
11110 1
20777 1
4958 1
12510 1
8933 1
12306 1
28965 1
1903 1
16789 1
23991 1
21990 1
7078 1
18757 1
4440 1
8598 1
4815 1
12746 1
28224 1
27750 1
2326 1
20064 1
18746 1
2807 1
28157 1
918 1
17256 1
7958 1
25794 1
24128 1
6634 1
21747 1
7046 1
14965 1
8744 1
7235 1
5051 1
18185 1
18557 1
23058 1
5079 1
9201 1
28342 1
21282 1
24455 1
24457 1
17605 1
27080 1
19922 1
10150 1
7526 1
21893 1
27567 1
10967 1
10208 1
23406 1
9706 1
28585 1
7504 1
6111 1
23053 1
25780 1
21757 1
8798 1
28705 1
14551 1
12562 1
21650 1
24423 1
7418 1
28392 1
16369 1
18282 1
8140 1
29875 1
6267 1
26898 1
2007 1
20871 1
3316 1
28338 1
5132 1
24505 1
10151 1
27278 1
8396 1
23888 1
9747 1
11705 1
6938 1
18277 1
25454 1
259 1
5802 1
21382 1
23357 1
519 1
23721 1
18942 1
3723 1
27826 1
13593 1
11773 1
18171 1
27506 1
13390 1
16854 1
26792 1
25031 1
1792 1
18701 1
4734 1
20764 1
13249 1
13675 1
13310 1
26608 1
21661 1
755 1
9652 1
2689 1
14906 1
25530 1
19866 1
21768 1
5416 1
28917 1
5287 1
18747 1
9089 1
7743 1
23259 1
1164 1
23699 1
26047 1
26280 1
5145 1
24750 1
127 1
19237 1
29043 1
4497 1
29258 1
8816 1
16664 1
20611 1
730 1
18770 1
15094 1
8995 1
1201 1
18231 1
7567 1
12813 1
20062 1
29626 1
18342 1
16018 1
2611 1
22960 1
3098 1
6607 1
29246 1
29029 1
12550 1
28750 1
19374 1
21422 1
18114 1
23649 1
17326 1
3471 1
8887 1
25511 1
12788 1
9109 1
28778 1
13539 2
13872 2
5572 2
29969 2
6732 2
2215 2
27957 2
24738 2
23255 2
10695 2
24701 2
17671 2
17239 2
229 2
2642 2
19417 2
26703 2
8305 2
22128 2
8416 2
14265 2
414 2
5773 2
12100 2
14458 2
24804 2
5633 2
7267 2
4922 2
22263 2
21190 2
29301 2
25630 2
27319 2
6679 2
13354 2
4637 2
29555 2
16292 2
14976 2
7534 2
20653 2
24678 2
17688 2
21072 2
3926 2
17286 2
8582 2
5127 2
26539 2
15240 2
12017 2
11420 2
25184 2
21092 2
23961 2
16522 2
22535 2
12973 2
10509 2
9474 2
20518 2
14342 2
23894 2
14266 2
24850 2
27992 2
18411 2
17294 2
2300 2
20153 2
13333 2
1571 2
24018 2
23684 2
25899 2
18055 2
15045 2
6153 2
5989 2
4322 2
2821 2
25031 2
27169 2
2539 2
27308 2
20959 2
7100 2
2792 2
3532 2
7775 2
12519 2
29463 2
12457 2
28050 2
8024 2
3026 2
23434 2
4919 2
17562 2
7587 2
24501 2
13815 2
23789 2
19388 2
8857 2
20114 2
5537 2
3606 2
24639 2
5783 2
14896 2
19083 2
22070 2
26265 2
6969 2
5238 2
10912 2
26049 2
14459 2
28193 2
14550 2
18488 2
22490 2
24067 2
15630 2
13111 2
26729 2
27212 2
7530 2
22783 2
5373 2
25648 2
22569 2
27460 2
13276 2
1620 2
8668 2
11535 2
8965 2
23209 2
17709 2
19710 2
28219 2
12078 2
6979 2
7281 2
3669 2
19513 2
29003 2
18091 2
22514 2
20647 2
21447 2
13827 2
10100 2
23035 2
20102 2
25917 2
6414 2
2784 2
2494 2
6323 2
22416 2
7760 2
15950 2
1576 2
22250 2
10108 2
21119 2
26000 2
1164 2
27058 2
2828 2
28297 2
23878 2
19613 2
5508 2
26131 2
21574 2
19589 2
15648 2
29972 2
13806 2
16493 2
13349 2
22129 2
28446 2
13303 2
6563 2
371 2
17616 2
23004 2
3034 2
20844 2
18649 2
14943 2
9679 2
22076 2
1872 2
3636 2
25607 2
14516 2
2819 2
15903 2
6212 2
25309 2
5128 2
816 2
6441 2
11725 2
1271 2
5138 2
28395 2
13083 2
24163 2
27907 2
29807 2
7323 2
5620 2
19996 2
1245 2
22985 2
6714 2
26167 2
1040 2
21532 2
14213 2
23277 2
26869 2
19779 2
2970 2
17232 2
3658 2
13629 2
3301 2
12170 2
27481 2
15496 2
15481 2
26370 2
17426 2
23654 2
23599 2
35 2
29585 2
18167 2
24417 2
16742 2
4542 2
28515 2
3364 2
16 2
22249 2
21130 2
1622 2
22481 2
23933 2
21582 2
7280 2
14596 2
1799 2
9831 2
9001 2
3752 2
8519 2
20339 2
3756 2
23067 2
28434 2
5476 2
163 2
10068 2
2214 2
237 2
1935 2
6407 2
1026 2
164 2
29795 2
4677 2
20231 2
11418 2
21423 2
17735 2
11501 2
24710 2
16005 2
25441 2
26563 2
29459 2
9738 2
536 2
11759 2
29125 2
8495 2
20769 2
29396 2
9348 2
355 3
23154 3
6901 3
17366 3
20135 3
4619 3
1646 3
6538 3
19941 3
21045 3
23134 3
27448 3
14923 3
3086 3
7904 3
766 3
21130 3
25360 3
13499 3
24179 3
14914 3
2003 3
8045 3
23033 3
27624 3
4300 3
20415 3
23351 3
21575 3
17826 3
17105 3
1777 3
5254 3
19849 3
19581 3
19627 3
23916 3
29404 3
5666 3
7014 3
19457 3
26947 3
13823 3
15396 3
20034 3
17365 3
16151 3
22629 3
9308 3
22083 3
23199 3
8431 3
18824 3
24019 3
21221 3
28679 3
23493 3
23142 3
15425 3
9352 3
20802 3
20272 3
13784 3
2818 3
13422 3
12024 3
440 3
15632 3
23055 3
20255 3
21122 3
7653 3
13362 3
37 3
29728 3
29735 3
707 3
28313 3
1899 3
16773 3
21480 3
19372 3
14849 3
18258 3
17432 3
27156 3
8646 3
2878 3
27885 3
21910 3
17416 3
25892 3
13055 3
18678 3
2900 3
9256 3
3182 3
1904 3
16809 3
23577 29329
12167 2344
29274 13242
4031 20715
8994 1108
21569 21053
8876 26725
3242 28270
25237 4493
22052 3558
21434 25242
29803 14658
193 6815
21808 22711
15508 2957
22759 25831
2660 26537
12634 12785
8888 7727
13964 22601
27415 18857
10470 19734
14797 18854
25946 13587
25594 28683
13872 18278
25601 24615
14642 28339
4090 9871
27630 28481
26972 2749
19470 24240
21847 13457
29352 9855
5270 23079
6884 13123
10844 28703
7307 18364
22102 27505
23072 9658
22698 28804
28590 15152
9313 9938
28214 23209
5070 10002
1833 27233
5301 22243
22065 24227
26943 12226
21812 28882
16903 14463
9624 1910
14851 21894
19460 746
6573 28093
23190 27657
10143 13094
27719 10465
14804 17925
645 11401
2639 1940
20710 10692
10139 16434
27064 1469
24926 26084
29582 28268
25704 11089
14661 1771
25227 22383
6318 27968
4685 25586
21678 1336
26472 13484
25248 4815
28100 11830
4660 28032
21221 1454
26413 5232
17206 349
16433 15073
2539 25807
6272 4103
18712 20004
26124 27160
27100 20367
24410 8934
12546 15455
27222 2348
611 3347
19820 19293
18290 21272
14481 20736
17493 27818
24522 21656
8776 2376
22112 28543
25740 7161
1167 7378
13205 886
