3000
1000
2816 1
332 1
1339 1
2103 1
1026 1
1980 1
1833 1
34 1
1606 1
2608 1
1379 1
2185 1
150 1
765 1
372 1
1961 1
1925 1
919 1
2774 1
1975 1
2378 1
303 1
2010 1
193 1
263 1
2556 1
437 1
2439 1
165 1
2438 1
454 1
2538 1
925 1
505 1
1780 1
1956 1
254 1
1988 1
1387 1
2664 1
1886 1
2776 1
968 1
2939 1
2361 1
1641 1
402 1
958 1
2990 1
2293 1
2698 1
1744 1
656 1
2126 1
588 1
47 1
1689 1
2035 1
2555 1
497 1
2808 1
2386 1
2595 1
1203 1
2612 1
2561 1
1342 1
2116 1
2747 1
188 1
2149 1
2188 1
1190 1
1262 1
1767 1
2672 1
920 1
1252 1
2764 1
2517 1
2636 1
1914 1
880 1
2303 1
1839 1
2371 1
839 1
1217 1
501 1
685 1
62 1
2870 1
2266 1
1001 1
1213 1
684 1
784 1
1822 1
23 1
2057 1
2700 1
418 1
86 1
147 1
163 1
2782 1
2729 1
2580 1
1730 1
744 1
2366 1
1236 1
1033 1
2013 1
1970 1
2218 1
2194 1
661 1
1122 1
2806 1
1182 1
681 1
1022 1
2332 1
2473 1
387 1
763 1
2450 1
1350 1
848 1
1902 1
1743 1
1759 1
1741 1
401 1
1378 1
1711 1
1130 1
1763 1
1879 1
485 1
2171 1
2752 1
2396 1
2845 1
1824 1
612 1
2020 1
1047 1
816 1
275 1
2397 1
21 1
2301 1
1926 1
897 1
1214 1
207 1
1117 1
1973 1
430 1
2918 1
655 1
646 1
2245 1
2592 1
2670 1
2287 1
2406 1
2668 1
323 1
2256 1
2399 1
166 1
1426 1
2334 1
845 1
1885 1
645 1
551 1
1086 1
448 1
499 1
2232 1
977 1
783 1
1286 1
245 1
51 1
1457 1
2622 1
826 1
1063 1
1497 1
594 1
923 1
2836 1
2422 1
1283 1
1784 1
1881 1
2242 1
1863 1
2602 1
1280 1
2064 1
370 1
479 1
2754 1
55 1
822 1
827 1
231 1
2831 1
2994 1
2534 1
363 1
2624 1
30 1
1221 1
575 1
1848 1
229 1
1080 1
1828 1
2279 1
1622 1
2507 1
315 1
654 1
939 1
1831 1
2951 1
438 1
1118 1
1546 1
2018 1
1979 1
340 1
1876 1
2008 1
976 1
1671 1
388 1
2605 1
1737 1
1324 1
692 1
1936 1
1357 1
913 1
461 1
511 1
2699 1
2691 1
736 1
1874 1
309 1
1382 1
1143 1
196 1
2654 1
2209 1
2563 1
1818 1
1337 1
2033 1
2270 1
2814 1
904 1
4 1
190 1
525 1
1129 1
2509 1
1838 1
1312 1
2540 1
2173 1
817 1
1453 1
1701 1
252 1
2542 1
2955 1
2708 1
369 1
940 1
2863 1
159 1
382 1
469 1
1411 1
2350 1
1777 1
2360 1
1536 1
1966 1
2881 1
1705 1
1603 1
1473 1
1110 1
2050 1
171 1
399 1
102 1
1293 1
427 1
2567 1
2883 1
419 1
1317 1
1365 1
2038 1
1757 1
914 1
2629 1
1765 1
63 1
2070 1
1609 1
530 1
2933 1
1235 1
2931 1
1646 1
559 1
8 1
805 1
201 1
2689 1
2337 1
1558 1
2164 1
1319 1
1799 1
1225 1
757 1
1418 1
1360 1
154 1
2433 1
1413 1
2143 1
1443 1
1887 1
167 1
2765 1
1653 1
896 1
1144 1
2760 1
1715 1
2952 1
513 1
2871 1
1341 1
2573 1
1522 1
1428 1
12 1
1564 1
1391 1
2088 1
1690 1
1034 1
1355 1
2742 1
1352 1
2206 1
1692 1
2203 1
797 1
1083 1
2449 1
14 1
2586 1
1088 1
1567 1
378 1
2846 1
1462 1
2437 1
2253 1
240 1
999 1
145 1
2867 1
1307 1
2613 1
1856 1
2792 1
2650 1
747 1
41 1
842 1
2162 1
373 1
2417 1
1420 1
1793 1
2548 1
2685 1
2579 1
878 1
2084 1
642 1
527 1
7 1
129 1
2479 1
1454 1
1402 1
2265 1
2795 1
2202 1
2032 1
1652 1
2743 1
2412 1
1957 1
60 1
702 1
759 1
2880 1
985 1
70 1
2727 1
2562 1
1005 1
1113 1
1559 1
1156 1
111 1
691 1
96 1
333 1
98 1
1325 1
2460 1
2680 1
490 1
1332 1
1401 1
1087 1
1170 1
2908 1
704 1
2454 1
1939 1
471 1
2771 1
2061 1
1464 1
2833 1
2717 1
2971 1
1115 1
1919 1
521 1
2137 1
2775 1
1442 1
523 1
569 1
1263 1
302 1
322 1
169 1
1259 1
764 1
1140 1
441 1
1545 1
1836 1
220 1
108 1
1892 1
1440 1
890 1
536 1
2524 1
1074 1
2740 1
336 1
164 1
1597 1
484 1
1677 1
464 1
2312 1
462 1
869 1
217 1
2264 1
2085 1
1997 1
2666 1
1032 2
1240 2
2088 2
1252 2
108 2
761 2
2895 2
2831 2
1545 2
697 2
1040 2
883 2
1146 2
2715 2
1805 2
2973 2
1699 2
350 2
1304 2
2377 2
2327 2
1237 2
1247 2
1869 2
1031 2
2879 2
2082 2
885 2
1163 2
688 2
1566 2
1569 2
2626 2
2923 2
1249 2
999 2
970 2
926 2
2131 2
1763 2
1524 2
217 2
735 2
1065 2
74 2
912 2
459 2
947 2
373 2
1339 2
1384 2
180 2
1900 2
868 2
1687 2
1215 2
1639 2
1129 2
537 2
2771 2
2829 2
2552 2
187 2
2673 2
347 2
22 2
2789 2
2794 2
1577 2
1206 2
1999 2
1779 2
636 2
1315 2
160 2
1995 2
1414 2
1799 2
2873 2
140 2
164 2
2678 2
1631 2
2805 2
2696 2
2908 2
2204 2
518 2
1563 2
2171 2
1510 2
1989 2
380 2
419 2
576 2
2467 2
1224 2
2726 2
2601 2
1420 2
1356 2
1440 2
2821 2
1402 2
2491 2
308 2
905 2
1242 2
1427 2
2345 2
2069 2
529 2
705 2
2298 2
1419 2
1045 2
564 2
2194 2
149 2
1071 2
2329 2
613 2
2458 2
2838 2
755 2
2683 2
1501 2
1484 2
1400 2
1050 2
2574 2
1508 2
1689 2
2280 2
1117 2
215 2
875 2
36 2
1360 2
1373 2
837 2
493 2
73 2
733 2
1862 2
1219 2
57 2
1729 2
8 2
897 2
2346 2
2691 2
2051 2
1992 2
2889 2
717 2
2884 2
2597 2
1342 2
1982 2
2883 2
202 2
2025 2
2993 2
1968 2
413 2
107 2
1174 2
2786 2
2700 2
1488 2
1816 2
1698 2
2647 2
1133 2
2899 2
700 2
890 2
823 2
270 2
1308 2
1476 2
777 2
2106 2
2841 2
2304 2
2353 2
737 2
704 2
963 2
2951 2
1162 2
612 2
1562 2
182 2
2521 2
391 2
2494 2
127 2
2606 3
1376 3
727 3
2574 3
1187 3
1592 3
1031 3
2819 3
2514 3
620 3
2918 3
516 3
249 3
2499 3
299 3
2568 3
1778 3
890 3
2833 3
1860 3
782 3
1997 3
2028 3
668 3
2874 3
1422 3
1620 3
698 3
1132 3
2132 3
269 3
490 3
2961 3
2980 3
806 3
715 3
2704 3
2896 3
2143 3
438 3
129 3
2793 3
2602 3
334 3
1412 3
359 3
200 3
2365 3
2837 3
2146 3
2467 3
1908 3
1148 3
2049 3
2436 3
2111 3
160 3
1632 3
1824 3
1305 3
1616 3
677 3
2249 3
2280 3
1476 3
1183 3
2396 3
1903 3
2278 3
1870 3
815 3
875 3
541 3
1626 3
412 3
642 3
2710 3
1210 3
1389 3
2662 3
2627 3
31 3
1791 3
482 3
2456 3
2236 3
426 3
1340 3
1136 3
2354 3
470 3
637 3
1638 3
738 3
1387 3
1855 3
2680 3
1969 3
1945 3
735 896
2949 1665
2541 758
1653 571
528 1633
1583 439
2437 127
2377 2134
2242 483
1861 2519
2237 1796
1122 1902
1599 606
1898 248
2891 2718
1257 1971
1435 1323
2022 1943
355 33
941 297
803 368
1042 832
291 2854
1835 605
10 2498
2391 657
925 2865
2378 2894
721 178
2080 417
71 2030
2231 1640
1309 726
946 1697
990 861
2131 189
1619 837
1785 1756
1408 553
1733 2732
1690 1769
648 1160
540 1719
654 410
319 1695
2911 2047
660 617
1053 2034
2695 2834
1182 1995
2654 2137
2389 2941
833 2024
162 2139
1623 1662
607 1677
887 55
696 2753
2767 2905
2928 529
299 1486
650 1204
1407 387
144 818
390 837
2344 2689
1735 411
122 2936
590 2877
784 15
1938 2633
313 1220
477 287
48 1809
2522 1288
2829 1021
450 1146
411 922
1940 799
688 2460
1964 274
217 1592
1044 1344
1078 1011
577 1226
1293 1504
2769 397
908 1622
1365 194
2553 2424
1584 2766
1789 1514
2684 1708
667 1124
1222 2187
181 2629
761 2169
2098 2121
1213 2966
2442 2127
1629 776
2179 1837
728 2586
2801 1539
178 2395
1677 2588
1175 1135
1119 1216
1611 2418
1460 529
2532 1098
2784 1791
845 2803
1492 2585
979 354
731 1753
2114 1839
1657 573
2507 116
1441 2264
2258 629
275 2914
1204 2841
536 516
652 2570
212 2279
1783 684
1434 2292
408 1672
1127 2703
821 646
494 243
435 2468
1186 2485
1307 2380
2709 1402
738 2705
1687 865
1480 209
2173 226
1283 2438
543 2585
2082 662
1305 2604
2454 368
1907 323
2826 1099
1707 2896
683 2563
665 2606
2436 490
2807 198
2469 1863
2189 560
963 571
1368 763
2076 1034
323 562
2669 2825
448 2493
2193 910
2880 49
231 1096
1237 2428
366 2909
2499 2680
1986 2497
1945 310
1375 601
678 395
1354 2003
2855 2289
2419 1557
2034 1179
1508 1840
1988 2147
854 2228
2742 1417
672 1107
225 143
1758 1282
2004 2169
517 1104
2397 85
2119 1694
2478 2967
919 482
129 2999
400 1784
94 2598
1498 64
2804 1532
2457 1990
1970 2203
377 153
616 1401
1639 2596
2424 76
2651 910
