3000
600
1803 1
1440 1
118 1
903 1
180 1
492 1
552 1
2260 1
51 1
1959 1
2728 1
2214 1
1113 1
390 1
2586 1
2105 1
62 1
994 1
1241 1
2877 1
1291 1
2112 1
2280 1
653 1
2813 1
2660 1
2034 1
651 1
1554 1
1748 1
1231 1
1134 1
1235 1
1851 1
2762 1
1317 1
1233 1
1534 1
1057 1
985 1
2122 1
2057 1
356 1
1436 1
1334 1
287 1
1656 1
1635 1
1902 1
831 1
695 1
1289 1
1244 1
173 1
2088 1
2609 1
1480 1
1197 1
659 1
876 1
2343 1
950 1
2718 1
650 1
1846 1
2449 1
259 1
1195 1
1218 1
2615 1
58 1
2507 1
1502 1
126 1
1036 1
1306 1
1158 1
6 1
236 1
842 1
2636 1
2812 1
668 1
2946 1
2371 1
1809 1
2114 1
2619 1
2588 1
506 1
1844 1
1654 1
2682 1
1830 1
9 1
1914 1
128 1
2752 1
1607 1
2948 1
148 1
626 1
2126 1
1903 1
1570 1
1102 1
1048 1
2685 1
1637 1
2709 1
2293 1
2720 1
1662 1
2565 1
1976 1
1838 1
594 1
2136 1
1216 1
2359 1
83 1
1261 1
161 1
1149 1
2185 1
1531 1
1818 1
1906 1
2216 1
2100 1
1123 1
1013 1
2622 1
330 1
1410 1
581 1
534 1
488 1
2650 1
630 1
2749 1
48 1
2543 1
2329 1
2995 1
1618 1
2816 1
193 1
940 1
2909 1
1950 1
583 1
477 1
2083 1
806 1
978 1
2575 1
449 1
606 1
263 1
941 1
1314 1
84 1
637 1
2788 1
2999 1
1621 1
1934 1
773 1
1895 1
2302 1
1574 1
1707 1
321 1
2115 1
2899 1
2378 1
736 1
401 1
1972 1
251 1
2697 1
15 1
2063 1
392 1
1010 1
847 1
1217 1
1042 1
1264 1
2019 1
1770 1
675 1
343 1
2153 1
2929 1
1814 1
396 1
353 1
354 1
1398 1
1636 1
145 1
1868 1
2242 1
2799 1
2252 1
2994 1
2536 1
438 1
302 1
1966 1
2583 1
863 1
767 1
1638 1
1038 1
2039 1
431 1
2562 1
733 1
172 1
1631 1
289 1
2303 1
2194 1
2093 1
1724 1
1232 1
2050 1
2893 1
1061 1
1024 1
96 1
2934 1
2894 1
2905 1
2016 1
2326 1
1129 1
2904 1
2132 1
1527 1
591 1
2634 1
2224 1
171 1
2169 1
2889 1
598 1
348 1
1008 1
162 1
2387 1
2847 1
1973 1
437 1
1283 1
2715 1
2236 1
1961 1
1864 1
2067 1
2756 1
1854 1
1110 1
873 1
1359 1
742 1
1767 1
597 1
580 1
1407 1
350 1
2592 1
514 1
462 1
774 1
69 1
1935 1
2395 1
316 1
2505 1
2754 1
465 1
250 1
567 1
1794 1
2367 1
2068 1
815 1
136 1
2917 1
804 1
2089 1
1568 1
2930 1
1580 1
2109 1
2256 1
2176 1
2683 1
190 1
1729 1
1137 1
829 1
828 1
267 1
523 1
1686 1
738 1
1108 1
890 1
299 1
2973 1
621 1
2177 1
1712 1
2435 1
1532 1
1489 1
1445 1
414 1
55 1
2111 1
49 1
2823 1
285 1
1704 1
554 1
772 1
137 1
968 1
2518 1
2900 1
1152 1
2464 1
1357 1
744 1
1883 1
2603 1
2171 1
973 1
320 1
1899 1
908 1
741 1
122 1
1227 1
516 1
2984 1
2649 1
1850 1
2827 1
332 1
2180 1
256 1
2521 1
2412 1
195 1
1863 1
998 1
1211 1
582 1
1655 1
2097 1
1677 1
1630 1
2069 1
2935 1
1348 1
587 1
1760 1
430 1
911 1
1829 1
2031 1
2778 1
1144 1
2992 1
1006 1
1025 1
735 1
1483 1
341 1
1995 1
1922 1
548 1
1792 1
726 1
2560 1
687 1
1143 1
701 1
402 1
1549 1
945 1
700 1
1824 1
1602 1
543 1
2526 1
1328 1
484 1
1628 1
417 1
2457 1
2527 1
698 1
433 1
82 1
1960 1
1287 1
1047 1
1371 1
1870 1
2757 1
2694 1
1873 1
2734 1
2913 1
1774 1
335 1
1258 1
2304 1
1847 1
450 1
262 1
1269 1
2821 1
1209 1
357 1
2743 1
1446 1
1472 1
2771 1
574 1
1388 1
799 1
1609 1
2508 1
2269 1
542 1
1731 1
1199 1
2059 1
2985 1
1800 1
1971 1
351 1
622 1
2856 1
739 1
1080 1
2698 1
1525 1
1789 1
955 1
1756 1
2887 1
2431 1
2072 1
1940 1
2681 1
1956 1
1515 1
1550 1
2477 1
1118 1
2763 1
1529 1
480 1
1848 1
2713 1
1843 1
295 1
444 1
2424 1
2937 1
1898 1
18 1
474 1
1459 1
476 1
1925 1
1862 1
2221 1
1842 1
1831 1
1941 1
290 1
2445 1
2128 1
1301 1
760 1
2964 1
631 1
2528 1
101 1
853 2
1649 2
212 2
1569 2
2507 2
2037 2
1886 2
1222 2
569 2
2070 2
1541 2
2318 2
2942 2
1852 2
2198 2
1127 2
2085 2
222 2
1135 2
1385 2
103 2
8 2
1870 2
2885 2
2883 2
56 2
1765 2
477 2
1610 2
1062 2
2181 2
124 2
2695 2
570 2
2442 2
2810 2
2838 2
2297 2
2594 2
1521 2
2250 2
2227 2
410 2
2433 2
1694 2
1957 2
1613 2
1388 2
1112 2
227 2
1241 2
632 2
1827 2
474 2
2889 2
1568 2
190 2
876 2
1644 2
473 2
1776 2
2162 2
1231 2
361 2
143 2
1605 2
2503 2
2438 2
2832 2
1595 2
2947 2
1454 2
599 2
1056 2
2580 2
15 2
1849 2
2274 2
2802 2
2656 2
1811 2
2386 2
1381 2
1720 2
1137 2
1911 2
1683 2
1411 2
1873 2
869 2
2082 2
1043 2
502 2
2469 2
186 2
2091 2
2717 2
2217 2
1069 2
951 2
2062 2
173 2
184 2
1835 2
891 2
2295 2
2418 2
21 2
1203 2
938 2
1204 2
2544 2
0 2
851 2
1866 2
2328 2
262 2
1068 2
2304 2
1095 2
892 2
2271 2
379 2
614 2
1084 2
1664 2
1723 2
1374 2
1775 2
1652 2
2699 2
1803 2
45 2
1436 2
1389 2
2206 2
1592 2
2590 2
2088 2
1616 2
2956 2
2473 2
1011 2
1976 2
906 2
1465 2
2522 2
1466 2
265 2
2352 2
911 2
158 2
450 2
383 2
203 2
751 2
1246 2
602 2
1463 2
1209 2
1710 2
1564 2
1500 2
2102 2
1847 2
805 2
2020 2
2752 2
625 2
2177 2
2809 2
1444 2
68 2
1048 2
838 2
2255 2
526 2
407 2
618 2
2316 2
1793 2
759 2
2259 2
1630 2
2421 2
2926 2
2903 2
80 2
1217 2
2226 2
216 2
421 2
2456 2
2722 2
1224 2
2462 2
485 2
2633 2
58 2
2971 3
380 3
2901 3
2113 3
931 3
1769 3
1299 3
926 3
202 3
2657 3
11 3
353 3
1289 3
2832 3
598 3
1519 3
538 3
2436 3
1601 3
39 3
498 3
1047 3
2087 3
2151 3
1287 3
714 3
888 3
2219 3
2384 3
2705 3
33 3
2202 3
473 3
1883 3
824 3
610 3
1388 3
2333 3
763 3
953 3
2192 3
2829 3
1911 3
2531 3
534 3
1039 3
753 3
1370 3
902 3
787 3
596 3
2124 3
2699 3
397 3
2558 3
894 3
142 3
446 3
161 3
160 3
1902 3
2364 3
1169 3
829 3
579 3
2325 3
1491 3
506 3
1831 3
1220 3
573 3
2949 3
1646 3
637 3
1366 3
2486 3
442 3
2604 3
2039 3
1782 3
1736 3
266 3
1698 3
2076 3
1801 3
2283 3
1145 3
2620 3
1046 3
2094 3
2899 3
1476 3
2374 3
2616 3
2322 3
1591 3
1253 3
1837 3
831 3
