1000
500
109 1
660 1
808 1
739 1
685 1
150 1
871 1
754 1
474 1
744 1
576 1
374 1
462 1
159 1
414 1
641 1
850 1
216 1
678 1
426 1
85 1
895 1
729 1
412 1
781 1
941 1
40 1
550 1
890 1
222 1
168 1
404 1
422 1
785 1
684 1
110 1
768 1
83 1
586 1
799 1
166 1
856 1
140 1
742 1
631 1
233 1
187 1
169 1
302 1
986 1
757 1
571 1
761 1
88 1
880 1
526 1
731 1
534 1
446 1
667 1
146 1
307 1
375 1
617 1
394 1
417 1
425 1
649 1
419 1
28 1
386 1
170 1
984 1
962 1
823 1
76 1
662 1
219 1
945 1
133 1
108 1
926 1
604 1
966 1
327 1
66 1
874 1
745 1
346 1
340 1
594 1
592 1
193 1
43 1
624 1
952 1
460 1
78 1
936 1
747 1
621 1
194 1
441 1
573 1
922 1
557 1
642 1
673 1
578 1
713 1
280 1
889 1
531 1
398 1
283 1
81 1
486 1
656 1
743 1
652 1
527 1
724 1
388 1
661 1
901 1
556 1
935 1
339 1
878 1
315 1
323 1
427 1
816 1
160 1
27 1
982 1
787 1
821 1
336 1
308 1
275 1
372 1
477 1
30 1
284 1
73 1
369 1
99 1
115 1
784 1
654 1
235 1
611 1
663 1
963 1
236 1
403 1
872 1
238 1
186 1
646 1
448 1
532 1
13 1
943 1
609 1
383 1
300 1
461 1
430 1
686 1
921 1
278 1
726 1
503 1
288 1
897 1
467 1
588 1
906 1
310 1
599 1
755 1
243 1
25 1
925 1
121 1
779 1
447 1
407 1
107 1
862 1
847 1
851 1
364 1
905 1
291 1
590 1
605 1
453 1
879 1
939 1
970 1
669 1
23 1
559 1
793 1
575 1
257 1
690 1
830 1
329 1
758 1
953 1
657 1
119 1
136 1
431 1
94 1
608 1
54 1
208 1
924 1
580 1
391 1
263 1
151 1
397 1
211 1
290 1
653 1
706 1
285 1
114 1
548 1
771 1
598 1
947 1
567 1
510 1
58 1
358 1
769 1
228 1
644 1
688 1
786 1
355 1
379 1
937 1
489 2
615 2
884 2
48 2
24 2
57 2
490 2
727 2
506 2
241 2
569 2
14 2
781 2
862 2
250 2
624 2
851 2
479 2
843 2
829 2
541 2
701 2
418 2
825 2
246 2
296 2
302 2
116 2
627 2
332 2
10 2
573 2
942 2
589 2
260 2
587 2
52 2
661 2
284 2
731 2
604 2
846 2
771 2
519 2
616 2
947 2
583 2
447 2
799 2
914 2
394 2
638 2
930 2
751 2
675 2
899 2
803 2
483 2
390 2
69 2
11 2
512 2
381 2
961 2
815 2
880 2
169 2
721 2
802 2
5 2
948 2
339 2
459 2
531 2
686 2
997 2
327 2
647 2
259 2
861 2
655 2
131 2
763 2
601 2
810 2
161 2
168 2
811 2
283 2
903 2
462 2
495 2
955 2
912 2
833 2
43 2
625 2
670 2
595 2
308 2
437 2
156 2
189 2
415 2
220 2
527 2
874 2
62 2
134 2
741 2
456 2
367 2
41 2
294 2
498 2
170 2
133 2
680 2
309 2
853 2
464 2
243 2
22 2
380 2
973 2
728 3
499 3
879 3
463 3
800 3
726 3
235 3
178 3
189 3
885 3
642 3
966 3
249 3
700 3
333 3
22 3
594 3
270 3
238 3
791 3
104 3
246 3
695 3
824 3
455 3
652 3
690 3
548 3
830 3
664 3
631 3
925 3
134 3
291 3
91 3
526 3
823 3
92 3
308 3
481 3
36 3
24 3
364 3
501 3
789 3
297 3
391 3
665 3
304 3
984 3
412 196
123 40
949 70
320 196
628 367
188 366
628 343
40 196
196 622
217 188
949 732
949 101
628 40
343 101
949 312
343 196
658 622
949 40
658 732
123 732
196 383
40 622
343 383
123 312
101 366
658 188
312 101
188 320
70 101
320 367
40 367
217 312
70 188
658 70
123 366
343 70
123 188
70 412
312 622
628 188
343 366
217 343
412 367
101 196
312 366
949 196
732 367
732 412
658 628
40 366
732 622
628 320
732 217
70 367
628 366
949 343
217 196
367 101
628 312
123 101
320 101
732 366
320 622
949 367
217 320
123 217
312 196
732 188
188 383
312 383
40 101
367 622
343 40
628 412
658 320
