1000
600
72 1
58 1
131 1
495 1
457 1
475 1
78 1
805 1
338 1
772 1
423 1
206 1
352 1
189 1
880 1
609 1
790 1
869 1
172 1
967 1
706 1
572 1
85 1
34 1
452 1
321 1
834 1
134 1
197 1
160 1
433 1
874 1
788 1
727 1
336 1
793 1
693 1
538 1
6 1
208 1
141 1
780 1
59 1
995 1
660 1
411 1
576 1
483 1
759 1
740 1
224 1
48 1
182 1
16 1
709 1
675 1
963 1
210 1
27 1
318 1
613 1
839 1
946 1
11 1
429 1
733 1
690 1
705 1
44 1
140 1
331 1
341 1
333 1
228 1
367 1
935 1
107 1
205 1
503 1
658 1
940 1
782 1
179 1
928 1
235 1
644 1
843 1
163 1
757 1
471 1
686 1
672 1
741 1
914 1
129 1
308 1
699 1
983 1
960 1
571 1
468 1
158 1
956 1
947 1
604 1
926 1
551 1
753 1
809 1
631 1
200 1
481 1
438 1
145 1
841 1
754 1
785 1
168 1
532 1
47 1
729 1
363 1
556 1
422 1
462 1
934 1
858 1
549 1
695 1
801 1
811 1
326 1
110 1
342 1
492 1
373 1
28 1
20 1
527 1
822 1
760 1
311 1
877 1
707 1
639 1
101 1
655 1
542 1
43 1
345 1
593 1
54 1
451 1
265 1
106 1
21 1
678 1
304 1
198 1
909 1
958 1
779 1
913 1
599 1
309 1
297 1
633 1
400 1
275 1
723 1
242 1
545 1
207 1
968 1
69 1
936 1
789 1
4 1
276 1
364 1
588 1
561 1
97 1
652 1
489 1
831 1
335 1
350 1
744 1
922 1
349 1
375 1
133 1
584 1
156 1
109 1
915 1
891 1
829 1
432 1
766 1
826 1
469 1
582 1
279 1
328 1
916 1
774 1
267 1
389 1
33 1
241 1
273 1
359 1
921 1
303 1
617 1
431 1
528 1
10 1
211 1
824 1
146 1
436 1
81 1
911 1
623 1
840 1
261 1
651 1
608 1
153 1
807 1
664 1
679 1
993 1
820 1
704 1
329 1
397 1
708 1
719 1
975 1
32 1
868 1
337 1
670 1
174 1
612 1
500 1
682 1
817 1
950 1
893 1
721 1
259 1
586 1
981 1
258 1
765 1
799 1
80 1
464 1
307 1
8 1
878 1
213 1
430 1
15 1
951 1
997 1
94 1
798 1
225 1
846 1
63 1
504 1
626 1
421 1
310 1
781 1
139 1
662 1
77 1
771 1
703 1
193 1
128 1
332 1
365 1
524 1
147 1
726 1
769 1
560 1
313 1
236 1
761 1
144 1
698 1
908 2
925 2
510 2
837 2
600 2
967 2
707 2
656 2
662 2
63 2
92 2
431 2
685 2
940 2
981 2
426 2
645 2
590 2
7 2
304 2
478 2
318 2
275 2
732 2
670 2
137 2
322 2
208 2
485 2
522 2
255 2
873 2
713 2
414 2
248 2
733 2
912 2
541 2
174 2
180 2
520 2
391 2
986 2
640 2
935 2
493 2
294 2
710 2
810 2
626 2
193 2
246 2
793 2
377 2
716 2
343 2
905 2
270 2
468 2
562 2
715 2
558 2
73 2
830 2
883 2
370 2
509 2
680 2
755 2
88 2
152 2
381 2
197 2
789 2
818 2
288 2
848 2
187 2
64 2
232 2
274 2
239 2
806 2
32 2
648 2
836 2
708 2
182 2
777 2
439 2
756 2
825 2
598 2
500 2
532 2
781 2
565 2
393 2
250 2
376 2
385 2
542 2
427 2
287 2
782 2
882 2
858 2
528 2
356 2
773 2
646 2
658 2
991 2
752 2
534 2
150 2
852 2
612 2
244 2
980 2
672 2
845 2
265 2
296 2
228 2
929 2
899 2
301 2
932 2
800 2
989 2
652 2
50 2
762 2
100 2
702 2
769 2
955 2
709 2
24 2
166 2
48 2
409 2
36 2
158 2
607 2
156 2
423 2
904 2
802 2
37 3
388 3
428 3
331 3
255 3
874 3
554 3
167 3
871 3
718 3
338 3
686 3
622 3
869 3
214 3
587 3
229 3
732 3
749 3
740 3
707 3
500 3
256 3
155 3
298 3
46 3
640 3
145 3
621 3
930 3
162 3
312 3
420 3
275 3
206 3
375 3
550 3
163 3
900 3
863 3
984 3
818 3
641 3
220 3
31 3
317 3
95 3
244 3
964 3
468 3
417 3
817 3
722 3
736 3
361 3
113 3
393 3
861 3
473 3
636 3
707 192
845 404
393 347
874 629
707 447
313 393
824 845
477 393
477 657
477 185
657 874
404 874
824 65
185 347
707 347
185 629
874 192
386 347
298 386
477 404
941 629
941 404
477 386
707 629
192 629
404 185
477 347
657 313
477 447
185 192
404 975
185 874
65 629
404 447
192 65
874 313
404 192
477 874
845 298
824 313
404 65
447 975
447 347
298 707
477 298
874 386
824 707
657 975
845 874
657 447
447 393
404 393
477 192
477 65
393 975
657 298
845 447
185 707
941 975
845 65
707 975
185 313
477 845
845 975
404 629
386 975
386 393
824 298
824 477
874 298
941 477
824 629
941 657
845 313
941 845
845 707
192 975
386 629
404 298
185 447
404 313
185 657
185 393
447 192
845 192
313 975
298 393
657 707
824 404
824 347
