1000
500
470 1
967 1
215 1
818 1
173 1
296 1
333 1
683 1
166 1
567 1
45 1
644 1
40 1
199 1
113 1
13 1
903 1
620 1
887 1
777 1
677 1
473 1
307 1
127 1
69 1
729 1
220 1
121 1
468 1
731 1
281 1
631 1
553 1
704 1
292 1
423 1
524 1
579 1
562 1
686 1
921 1
771 1
381 1
914 1
336 1
719 1
237 1
693 1
916 1
37 1
236 1
502 1
522 1
221 1
328 1
302 1
700 1
707 1
338 1
715 1
364 1
403 1
515 1
410 1
420 1
414 1
419 1
132 1
877 1
366 1
540 1
743 1
936 1
87 1
879 1
959 1
153 1
767 1
95 1
23 1
730 1
177 1
854 1
933 1
602 1
935 1
766 1
158 1
440 1
487 1
145 1
91 1
497 1
864 1
884 1
990 1
46 1
723 1
6 1
374 1
171 1
769 1
775 1
747 1
954 1
211 1
170 1
799 1
797 1
601 1
391 1
997 1
339 1
658 1
378 1
737 1
14 1
223 1
947 1
397 1
675 1
234 1
465 1
418 1
295 1
257 1
315 1
809 1
245 1
278 1
757 1
746 1
869 1
377 1
810 1
906 1
969 1
796 1
752 1
891 1
685 1
857 1
43 1
853 1
265 1
15 1
380 1
77 1
735 1
739 1
486 1
649 1
995 1
938 1
142 1
365 1
30 1
517 1
114 1
669 1
230 1
263 1
321 1
789 1
240 1
373 1
24 1
444 1
849 1
156 1
648 1
668 1
443 1
174 1
652 1
225 1
125 1
880 1
250 1
597 1
778 1
131 1
987 1
242 1
63 1
764 1
203 1
485 1
684 1
680 1
17 1
583 1
482 1
103 1
588 1
798 1
732 1
833 1
753 1
862 1
932 1
387 1
529 1
109 1
595 1
272 1
557 1
847 1
765 1
633 1
965 1
513 1
235 1
955 1
547 1
106 1
354 1
330 1
356 1
479 1
178 1
226 1
53 1
190 1
52 1
559 1
36 1
770 1
585 1
289 1
506 1
998 1
123 1
599 1
9 1
362 1
556 1
861 1
823 1
980 1
55 1
326 1
832 1
911 1
133 1
404 1
768 1
535 1
8 1
514 1
472 2
331 2
767 2
666 2
10 2
455 2
680 2
743 2
801 2
558 2
603 2
986 2
524 2
165 2
805 2
824 2
193 2
157 2
711 2
457 2
889 2
314 2
991 2
62 2
783 2
811 2
750 2
994 2
716 2
398 2
488 2
355 2
363 2
945 2
707 2
252 2
957 2
115 2
503 2
931 2
573 2
198 2
25 2
919 2
373 2
880 2
816 2
109 2
770 2
284 2
70 2
980 2
793 2
308 2
227 2
49 2
771 2
31 2
207 2
928 2
674 2
651 2
222 2
646 2
854 2
719 2
230 2
582 2
908 2
448 2
359 2
286 2
50 2
294 2
677 2
463 2
60 2
714 2
409 2
124 2
336 2
799 2
80 2
509 2
724 2
979 2
973 2
694 2
254 2
703 2
647 2
794 2
576 2
566 2
285 2
569 2
664 2
658 2
516 2
500 2
259 2
768 2
234 2
130 2
775 2
415 2
693 2
21 2
471 2
882 2
648 2
663 2
32 2
858 2
812 2
82 2
83 2
989 2
358 2
739 2
596 2
292 2
143 2
44 2
465 2
371 3
727 3
105 3
161 3
644 3
956 3
670 3
422 3
398 3
207 3
293 3
808 3
53 3
626 3
825 3
426 3
409 3
666 3
482 3
32 3
761 3
502 3
647 3
641 3
416 3
357 3
708 3
106 3
157 3
579 3
693 3
669 3
287 3
757 3
369 3
321 3
360 3
819 3
553 3
120 3
401 3
295 3
159 3
213 3
282 3
297 3
531 3
101 3
378 3
561 3
471 3
886 3
565 3
226 3
407 3
563 3
778 3
726 3
230 3
125 3
652 3
951 3
480 3
167 3
431 3
529 614
562 142
562 905
910 731
529 702
142 186
477 905
7 477
772 7
119 910
960 336
7 303
119 336
7 186
142 614
772 731
772 614
551 905
910 551
562 772
119 186
477 303
7 354
354 614
910 186
731 142
731 614
529 905
119 731
614 303
562 614
529 354
910 7
562 354
960 142
614 477
119 477
772 119
551 477
562 551
614 905
772 354
529 7
910 702
702 905
551 303
960 702
960 905
529 303
562 477
336 7
119 303
529 731
529 233
336 731
142 702
142 477
233 303
960 477
354 477
