200
100
193 1
29 1
90 1
45 1
33 1
75 1
177 1
186 1
180 1
159 1
112 1
78 1
196 1
89 1
88 1
185 1
101 1
46 1
14 1
87 1
94 1
199 1
98 1
118 1
24 1
82 1
155 1
49 1
91 1
60 1
164 1
144 1
38 1
35 1
77 1
40 1
162 1
136 1
19 1
153 1
119 1
143 1
68 1
184 1
57 1
26 1
167 1
178 1
120 1
114 1
167 2
65 2
195 2
46 2
28 2
59 2
87 2
72 2
121 2
32 2
92 2
135 2
85 2
50 2
130 2
61 2
155 2
119 2
40 2
136 2
188 2
21 2
161 2
60 2
74 2
56 3
106 3
107 3
42 3
134 3
166 3
59 3
129 3
165 3
55 3
46 3
43 3
6 23
6 47
156 5
189 197
5 47
189 53
64 5
64 58
64 91
140 58
5 58
140 133
23 61
