300
150
40 1
281 1
93 1
218 1
63 1
186 1
221 1
291 1
77 1
141 1
205 1
241 1
78 1
237 1
156 1
35 1
150 1
268 1
94 1
169 1
165 1
278 1
49 1
177 1
71 1
191 1
72 1
145 1
160 1
263 1
74 1
14 1
185 1
144 1
123 1
233 1
68 1
280 1
53 1
25 1
17 1
103 1
238 1
39 1
286 1
91 1
128 1
59 1
147 1
108 1
36 1
269 1
148 1
195 1
219 1
51 1
30 1
163 1
97 1
100 1
231 1
55 1
46 1
270 1
139 1
92 1
299 1
199 1
90 1
178 1
183 1
155 1
162 1
113 1
196 1
280 2
282 2
158 2
265 2
130 2
233 2
66 2
205 2
226 2
92 2
55 2
157 2
198 2
288 2
108 2
278 2
266 2
99 2
240 2
274 2
293 2
229 2
19 2
255 2
25 2
114 2
88 2
98 2
287 2
283 2
63 2
153 2
75 2
15 2
162 2
169 2
176 2
77 3
120 3
262 3
14 3
151 3
37 3
101 3
269 3
211 3
17 3
285 3
62 3
108 3
122 3
70 3
267 3
227 3
68 69
134 209
58 254
241 65
134 59
184 161
134 58
174 59
222 209
58 229
225 184
134 222
68 209
225 241
68 254
222 184
241 249
225 65
174 225
222 229
209 184
