400
200
274 1
115 1
260 1
77 1
132 1
96 1
340 1
316 1
333 1
80 1
171 1
283 1
346 1
199 1
97 1
86 1
123 1
302 1
395 1
215 1
269 1
128 1
216 1
98 1
228 1
54 1
384 1
284 1
329 1
348 1
60 1
218 1
83 1
366 1
321 1
253 1
355 1
67 1
140 1
220 1
111 1
279 1
301 1
30 1
354 1
231 1
275 1
225 1
5 1
352 1
93 1
248 1
122 1
139 1
22 1
210 1
72 1
376 1
290 1
331 1
134 1
388 1
149 1
342 1
42 1
351 1
262 1
92 1
173 1
317 1
232 1
65 1
38 1
27 1
75 1
344 1
206 1
197 1
179 1
82 1
50 1
203 1
263 1
391 1
189 1
345 1
239 1
137 1
208 1
243 1
242 1
350 1
198 1
273 1
327 1
127 1
91 1
113 1
20 1
100 1
383 2
344 2
55 2
282 2
323 2
52 2
336 2
373 2
179 2
376 2
96 2
261 2
345 2
109 2
329 2
305 2
229 2
98 2
173 2
156 2
334 2
54 2
162 2
138 2
281 2
286 2
226 2
111 2
216 2
121 2
378 2
259 2
292 2
120 2
91 2
273 2
306 2
255 2
43 2
84 2
169 2
19 2
276 2
53 2
16 2
287 2
74 2
330 2
66 2
163 2
72 3
108 3
260 3
201 3
242 3
60 3
249 3
44 3
241 3
123 3
305 3
189 3
329 3
64 3
9 3
356 3
291 3
350 3
11 3
315 3
18 70
200 389
324 375
324 200
18 199
8 271
366 136
366 91
220 324
8 204
70 96
324 366
199 315
204 96
366 389
271 136
220 91
199 70
8 315
8 199
366 375
389 315
354 200
354 70
220 366
8 366
26 199
26 375
96 389
204 375
