500
250
494 1
224 1
170 1
414 1
361 1
202 1
341 1
175 1
459 1
396 1
317 1
82 1
52 1
86 1
10 1
220 1
104 1
20 1
186 1
318 1
289 1
380 1
76 1
61 1
242 1
41 1
342 1
102 1
95 1
335 1
412 1
465 1
295 1
127 1
381 1
14 1
93 1
496 1
112 1
398 1
464 1
444 1
16 1
314 1
119 1
344 1
321 1
88 1
248 1
145 1
278 1
187 1
401 1
136 1
180 1
475 1
192 1
131 1
257 1
243 1
66 1
491 1
247 1
427 1
451 1
354 1
176 1
275 1
430 1
116 1
446 1
113 1
462 1
199 1
448 1
215 1
288 1
11 1
35 1
63 1
38 1
122 1
403 1
132 1
301 1
163 1
5 1
498 1
493 1
147 1
432 1
276 1
155 1
26 1
60 1
277 1
97 1
42 1
233 1
221 1
59 1
99 1
109 1
441 1
125 1
287 1
478 1
226 1
81 1
53 1
352 1
129 1
492 1
349 1
70 1
328 1
110 1
326 1
55 1
36 1
363 1
422 1
449 1
149 1
174 1
149 2
28 2
458 2
319 2
166 2
26 2
494 2
55 2
307 2
345 2
423 2
262 2
72 2
199 2
331 2
362 2
51 2
391 2
347 2
244 2
187 2
169 2
151 2
122 2
198 2
296 2
86 2
82 2
378 2
207 2
478 2
416 2
111 2
432 2
269 2
320 2
463 2
481 2
5 2
411 2
75 2
91 2
299 2
188 2
498 2
446 2
52 2
424 2
161 2
25 2
271 2
60 2
240 2
337 2
140 2
136 2
409 2
371 2
172 2
178 2
58 2
232 2
352 2
292 2
63 2
396 3
358 3
100 3
248 3
162 3
165 3
418 3
450 3
259 3
78 3
213 3
137 3
144 3
210 3
447 3
237 3
316 3
305 3
50 3
346 3
354 3
197 3
57 3
315 3
221 3
359 3
298 3
102 3
88 3
121 3
321 3
377 3
21 485
204 208
21 77
299 220
235 439
235 103
439 64
77 225
64 220
20 278
77 20
21 220
34 285
299 278
13 103
235 208
21 34
225 285
13 77
13 225
13 378
208 64
235 485
235 285
208 20
208 21
235 77
278 220
