600
300
598 1
6 1
390 1
316 1
349 1
84 1
133 1
15 1
354 1
304 1
376 1
447 1
388 1
73 1
554 1
51 1
599 1
39 1
502 1
114 1
513 1
24 1
246 1
228 1
126 1
480 1
433 1
167 1
340 1
85 1
356 1
101 1
89 1
278 1
218 1
110 1
437 1
58 1
365 1
548 1
288 1
168 1
142 1
207 1
595 1
496 1
441 1
553 1
109 1
263 1
386 1
67 1
282 1
64 1
475 1
169 1
329 1
138 1
583 1
172 1
213 1
533 1
45 1
35 1
530 1
41 1
472 1
184 1
286 1
408 1
572 1
446 1
383 1
594 1
293 1
450 1
284 1
260 1
292 1
371 1
255 1
372 1
562 1
55 1
566 1
136 1
406 1
144 1
271 1
102 1
88 1
97 1
519 1
325 1
119 1
13 1
185 1
373 1
198 1
330 1
410 1
141 1
153 1
127 1
416 1
266 1
236 1
57 1
91 1
313 1
47 1
492 1
220 1
377 1
22 1
339 1
38 1
415 1
493 1
464 1
568 1
93 1
569 1
461 1
21 1
265 1
521 1
429 1
432 1
305 1
487 1
182 1
344 1
399 1
281 1
504 1
54 1
394 1
75 1
503 1
11 1
507 1
311 1
42 1
161 1
458 1
350 1
196 1
258 1
234 1
473 2
352 2
538 2
527 2
145 2
562 2
167 2
177 2
174 2
584 2
28 2
280 2
454 2
288 2
99 2
283 2
458 2
198 2
483 2
8 2
413 2
492 2
297 2
296 2
286 2
328 2
595 2
245 2
188 2
369 2
161 2
568 2
147 2
20 2
89 2
157 2
90 2
398 2
255 2
517 2
464 2
55 2
176 2
364 2
371 2
459 2
80 2
320 2
455 2
123 2
345 2
435 2
480 2
96 2
394 2
231 2
266 2
535 2
58 2
104 2
302 2
348 2
110 2
434 2
333 2
235 2
195 2
259 2
38 2
36 2
482 2
264 2
442 2
42 2
9 2
381 3
376 3
170 3
475 3
347 3
481 3
397 3
549 3
353 3
558 3
502 3
454 3
90 3
215 3
240 3
230 3
185 3
207 3
171 3
226 3
467 3
75 3
428 3
459 3
192 3
117 3
160 3
223 3
161 3
404 3
420 3
408 3
374 3
580 3
21 3
577 3
73 3
555 337
290 90
337 105
352 469
21 469
210 506
21 210
333 58
21 555
506 469
337 469
105 469
21 506
555 105
323 469
352 138
21 138
555 138
90 333
21 131
90 105
103 506
108 352
90 108
90 58
90 352
108 138
337 131
570 506
290 469
337 210
290 138
323 210
103 290
21 90
90 469
506 105
333 138
