700
350
448 1
360 1
654 1
500 1
209 1
525 1
391 1
133 1
58 1
455 1
695 1
639 1
154 1
41 1
157 1
215 1
328 1
315 1
623 1
258 1
268 1
510 1
445 1
275 1
52 1
147 1
422 1
450 1
615 1
114 1
553 1
567 1
77 1
522 1
504 1
68 1
557 1
259 1
99 1
366 1
676 1
592 1
198 1
80 1
680 1
457 1
358 1
222 1
64 1
303 1
364 1
540 1
454 1
442 1
321 1
206 1
78 1
609 1
674 1
352 1
85 1
210 1
544 1
40 1
33 1
247 1
371 1
438 1
263 1
121 1
373 1
156 1
613 1
658 1
319 1
221 1
512 1
89 1
187 1
243 1
11 1
492 1
650 1
542 1
573 1
332 1
465 1
502 1
216 1
578 1
397 1
579 1
193 1
339 1
338 1
355 1
204 1
434 1
407 1
577 1
692 1
62 1
402 1
637 1
304 1
113 1
671 1
151 1
334 1
386 1
122 1
625 1
618 1
415 1
487 1
488 1
100 1
494 1
251 1
496 1
312 1
252 1
158 1
346 1
653 1
508 1
82 1
66 1
354 1
235 1
572 1
228 1
482 1
329 1
575 1
111 1
414 1
374 1
452 1
30 1
73 1
643 1
514 1
657 1
289 1
87 1
541 1
543 1
305 1
694 1
42 1
79 1
646 1
580 1
571 1
15 1
191 1
388 1
29 1
345 1
194 1
481 1
472 1
53 1
162 1
591 1
586 1
4 1
51 1
607 1
202 1
555 1
238 1
19 1
677 1
493 2
586 2
606 2
274 2
220 2
54 2
558 2
390 2
588 2
358 2
432 2
574 2
154 2
295 2
332 2
377 2
153 2
225 2
286 2
277 2
338 2
144 2
447 2
401 2
691 2
626 2
654 2
8 2
429 2
362 2
217 2
160 2
341 2
515 2
517 2
88 2
524 2
150 2
47 2
578 2
269 2
147 2
583 2
465 2
427 2
549 2
534 2
551 2
695 2
365 2
62 2
237 2
167 2
590 2
696 2
389 2
229 2
148 2
296 2
523 2
628 2
364 2
356 2
438 2
532 2
27 2
690 2
316 2
215 2
323 2
208 2
388 2
102 2
21 2
23 2
30 2
471 2
564 2
443 2
232 2
250 2
554 2
320 2
673 2
37 2
656 2
276 2
287 3
68 3
415 3
512 3
546 3
570 3
248 3
513 3
255 3
276 3
269 3
669 3
384 3
394 3
698 3
93 3
351 3
40 3
649 3
667 3
681 3
458 3
596 3
103 3
4 3
124 3
564 3
443 3
228 3
343 3
284 3
540 3
222 3
241 3
505 3
462 3
355 3
483 3
520 3
41 3
383 3
333 3
562 3
127 3
509 162
509 399
541 162
283 390
310 256
446 256
351 310
197 446
509 450
506 509
506 419
261 446
310 399
541 509
42 310
390 450
541 197
351 506
399 256
509 310
541 450
509 419
399 162
351 256
197 256
419 256
197 310
541 260
261 42
42 399
261 351
197 399
506 446
283 310
284 446
351 42
42 509
42 162
390 162
42 260
42 284
284 419
261 310
310 419
