800
400
240 1
590 1
359 1
43 1
272 1
449 1
149 1
7 1
527 1
324 1
140 1
42 1
245 1
630 1
510 1
323 1
488 1
641 1
341 1
499 1
783 1
374 1
257 1
184 1
475 1
80 1
19 1
438 1
790 1
678 1
795 1
72 1
352 1
621 1
85 1
462 1
679 1
633 1
193 1
542 1
49 1
284 1
190 1
485 1
138 1
536 1
24 1
305 1
44 1
293 1
566 1
333 1
707 1
67 1
759 1
69 1
263 1
400 1
441 1
82 1
683 1
331 1
338 1
10 1
719 1
448 1
143 1
29 1
380 1
251 1
465 1
316 1
110 1
425 1
671 1
592 1
118 1
684 1
666 1
217 1
765 1
481 1
680 1
199 1
480 1
530 1
175 1
207 1
75 1
277 1
386 1
343 1
51 1
685 1
764 1
423 1
246 1
454 1
747 1
580 1
557 1
796 1
360 1
18 1
656 1
492 1
655 1
600 1
670 1
634 1
41 1
252 1
427 1
255 1
583 1
543 1
644 1
731 1
223 1
628 1
664 1
345 1
529 1
533 1
648 1
309 1
197 1
368 1
778 1
489 1
614 1
402 1
498 1
234 1
692 1
760 1
279 1
25 1
409 1
15 1
753 1
460 1
652 1
494 1
725 1
191 1
256 1
16 1
748 1
275 1
430 1
146 1
321 1
410 1
133 1
399 1
596 1
608 1
45 1
723 1
23 1
99 1
195 1
124 1
744 1
330 1
522 1
108 1
150 1
570 1
446 1
63 1
587 1
547 1
426 1
545 1
169 1
109 1
467 1
281 1
706 1
242 1
334 1
638 1
350 1
639 1
548 1
56 1
752 1
713 1
694 1
179 1
762 1
551 1
123 1
541 1
371 1
302 1
84 1
243 1
156 2
170 2
428 2
474 2
691 2
92 2
272 2
664 2
381 2
493 2
526 2
558 2
470 2
335 2
534 2
719 2
36 2
176 2
410 2
544 2
727 2
83 2
369 2
61 2
509 2
173 2
39 2
225 2
450 2
98 2
722 2
88 2
472 2
685 2
720 2
59 2
624 2
429 2
131 2
249 2
203 2
485 2
513 2
475 2
686 2
233 2
457 2
101 2
584 2
77 2
739 2
178 2
446 2
614 2
549 2
360 2
339 2
342 2
311 2
724 2
418 2
716 2
23 2
566 2
790 2
499 2
608 2
104 2
700 2
146 2
506 2
677 2
675 2
574 2
736 2
301 2
66 2
630 2
71 2
701 2
655 2
637 2
259 2
425 2
186 2
543 2
665 2
537 2
607 2
405 2
196 2
35 2
43 2
267 2
60 2
621 2
52 2
19 2
296 2
785 2
47 3
496 3
192 3
781 3
65 3
362 3
721 3
144 3
347 3
80 3
539 3
396 3
560 3
422 3
324 3
117 3
766 3
655 3
521 3
255 3
88 3
665 3
578 3
200 3
649 3
14 3
198 3
322 3
360 3
730 3
273 3
86 3
549 3
287 3
139 3
698 3
713 3
17 3
640 3
7 3
501 3
651 3
38 3
514 3
711 3
416 3
557 3
444 3
128 3
409 3
457 227
311 457
722 76
437 425
769 797
769 484
135 797
135 722
409 457
19 135
241 722
457 797
437 457
241 135
594 797
484 311
457 135
437 311
437 624
437 457
227 425
437 227
437 409
227 76
594 425
19 311
425 457
437 76
769 76
437 594
19 484
301 227
19 457
241 311
594 457
135 227
135 311
769 722
722 311
769 624
594 624
482 797
769 482
301 311
227 409
769 311
311 409
482 624
135 457
227 457
