900
450
539 1
109 1
384 1
202 1
11 1
576 1
430 1
340 1
544 1
470 1
799 1
525 1
527 1
136 1
815 1
618 1
467 1
309 1
6 1
514 1
729 1
600 1
861 1
173 1
479 1
795 1
222 1
486 1
427 1
604 1
693 1
225 1
602 1
355 1
266 1
533 1
880 1
16 1
280 1
742 1
493 1
62 1
656 1
160 1
382 1
421 1
284 1
115 1
348 1
57 1
874 1
720 1
190 1
245 1
626 1
12 1
657 1
326 1
804 1
300 1
145 1
269 1
454 1
707 1
152 1
244 1
114 1
373 1
468 1
579 1
842 1
107 1
216 1
666 1
302 1
194 1
282 1
649 1
631 1
71 1
601 1
708 1
124 1
637 1
32 1
26 1
612 1
447 1
353 1
452 1
313 1
208 1
555 1
482 1
450 1
869 1
469 1
538 1
701 1
739 1
573 1
621 1
571 1
99 1
650 1
730 1
787 1
476 1
429 1
651 1
171 1
383 1
616 1
613 1
209 1
126 1
614 1
738 1
652 1
246 1
199 1
507 1
395 1
234 1
54 1
753 1
169 1
354 1
5 1
196 1
829 1
777 1
138 1
440 1
465 1
332 1
86 1
477 1
758 1
265 1
131 1
577 1
198 1
85 1
156 1
52 1
153 1
206 1
330 1
81 1
878 1
645 1
675 1
239 1
405 1
487 1
412 1
301 1
801 1
532 1
846 1
489 1
687 1
640 1
443 1
822 1
364 1
513 1
716 1
43 1
237 1
767 1
236 1
480 1
549 1
587 1
653 1
712 1
661 1
212 1
139 1
336 1
192 1
264 1
833 1
263 1
781 1
283 1
871 1
636 1
839 1
865 1
137 1
360 1
449 1
59 1
520 1
188 1
343 1
747 1
100 1
832 1
519 1
762 1
428 1
92 1
423 1
141 1
50 1
162 1
494 1
235 1
763 1
630 1
883 1
845 1
243 1
165 1
397 1
635 1
765 1
399 1
812 1
58 1
689 1
19 2
692 2
208 2
168 2
845 2
623 2
876 2
882 2
358 2
431 2
359 2
106 2
844 2
720 2
509 2
619 2
250 2
137 2
502 2
565 2
399 2
315 2
440 2
134 2
750 2
493 2
531 2
16 2
169 2
528 2
486 2
49 2
338 2
66 2
183 2
50 2
888 2
536 2
299 2
60 2
205 2
696 2
39 2
718 2
607 2
253 2
473 2
22 2
521 2
291 2
429 2
655 2
774 2
853 2
200 2
30 2
206 2
343 2
136 2
103 2
316 2
148 2
81 2
79 2
421 2
387 2
224 2
233 2
318 2
539 2
787 2
284 2
631 2
179 2
414 2
586 2
202 2
383 2
530 2
847 2
740 2
603 2
606 2
771 2
287 2
477 2
434 2
461 2
492 2
761 2
29 2
602 2
795 2
209 2
807 2
335 2
617 2
508 2
162 2
601 2
637 2
285 2
154 2
191 2
727 2
717 2
130 2
181 2
743 2
155 2
280 2
339 2
183 3
489 3
400 3
115 3
541 3
512 3
432 3
595 3
406 3
870 3
851 3
644 3
19 3
372 3
297 3
195 3
79 3
610 3
853 3
893 3
4 3
114 3
732 3
194 3
513 3
326 3
543 3
265 3
615 3
480 3
413 3
295 3
355 3
137 3
677 3
497 3
130 3
475 3
132 3
876 3
389 3
457 3
463 3
447 3
829 3
809 3
878 3
785 3
112 3
614 3
263 3
780 3
833 3
134 3
535 3
24 3
772 407
833 842
871 833
397 276
55 388
80 407
55 272
261 842
397 582
800 805
833 681
114 266
261 55
55 752
805 752
833 55
800 276
805 388
582 833
800 842
833 272
805 55
871 752
800 261
272 752
582 800
266 582
805 772
833 752
272 276
80 833
871 388
800 55
397 842
261 407
272 842
114 772
397 80
772 388
805 272
114 871
114 752
261 80
114 272
871 772
752 842
114 805
80 842
582 80
266 772
272 772
266 842
397 752
266 805
397 681
582 681
800 407
