1000
500
943 1
530 1
473 1
549 1
45 1
669 1
591 1
175 1
877 1
494 1
950 1
973 1
389 1
825 1
512 1
18 1
568 1
578 1
936 1
699 1
391 1
885 1
773 1
930 1
196 1
636 1
12 1
492 1
945 1
386 1
935 1
416 1
960 1
585 1
651 1
100 1
958 1
897 1
85 1
855 1
135 1
796 1
321 1
337 1
115 1
332 1
807 1
376 1
781 1
933 1
313 1
225 1
861 1
448 1
682 1
325 1
664 1
883 1
510 1
799 1
139 1
629 1
147 1
894 1
211 1
459 1
635 1
671 1
938 1
658 1
77 1
557 1
111 1
452 1
985 1
614 1
905 1
168 1
734 1
764 1
520 1
146 1
667 1
554 1
600 1
803 1
440 1
723 1
653 1
816 1
347 1
74 1
8 1
436 1
576 1
830 1
704 1
177 1
52 1
914 1
432 1
625 1
243 1
267 1
944 1
536 1
300 1
686 1
123 1
427 1
495 1
657 1
126 1
678 1
475 1
856 1
26 1
171 1
607 1
80 1
414 1
951 1
431 1
573 1
150 1
6 1
304 1
535 1
917 1
79 1
514 1
587 1
125 1
747 1
57 1
68 1
430 1
976 1
862 1
660 1
847 1
203 1
330 1
144 1
47 1
56 1
851 1
683 1
752 1
558 1
143 1
533 1
359 1
248 1
594 1
372 1
7 1
702 1
763 1
367 1
224 1
915 1
815 1
408 1
280 1
274 1
831 1
141 1
434 1
586 1
728 1
984 1
180 1
921 1
869 1
892 1
232 1
84 1
701 1
548 1
306 1
299 1
676 1
517 1
323 1
35 1
442 1
213 1
305 1
726 1
714 1
290 1
631 1
918 1
720 1
187 1
601 1
279 1
666 1
259 1
685 1
762 1
716 1
29 1
810 1
919 1
371 1
537 1
753 1
779 1
774 1
864 1
570 1
446 1
82 1
360 1
463 1
661 1
329 1
962 1
184 1
998 1
339 1
531 1
971 1
886 1
124 1
344 1
33 1
769 1
749 1
460 1
260 1
705 1
399 1
501 1
308 1
706 1
294 1
36 1
450 1
223 1
898 1
72 1
703 1
571 1
484 1
428 1
443 1
392 1
854 2
678 2
387 2
212 2
283 2
122 2
241 2
344 2
729 2
270 2
756 2
413 2
86 2
61 2
639 2
554 2
180 2
118 2
20 2
671 2
696 2
353 2
968 2
245 2
616 2
843 2
42 2
127 2
598 2
926 2
863 2
391 2
310 2
158 2
683 2
417 2
169 2
402 2
55 2
813 2
115 2
838 2
363 2
885 2
736 2
198 2
860 2
442 2
873 2
901 2
306 2
640 2
225 2
142 2
941 2
7 2
970 2
197 2
794 2
202 2
703 2
607 2
945 2
362 2
216 2
129 2
81 2
243 2
898 2
997 2
173 2
250 2
589 2
435 2
328 2
87 2
214 2
521 2
910 2
874 2
890 2
263 2
458 2
467 2
559 2
407 2
29 2
53 2
638 2
415 2
578 2
143 2
711 2
763 2
520 2
730 2
123 2
989 2
117 2
609 2
940 2
564 2
845 2
141 2
155 2
656 2
347 2
188 2
930 2
410 2
844 2
833 2
829 2
192 2
359 2
187 2
710 2
691 2
853 2
712 2
946 2
44 2
827 2
371 2
152 2
303 3
902 3
920 3
468 3
85 3
201 3
758 3
510 3
569 3
425 3
442 3
575 3
241 3
233 3
379 3
151 3
821 3
490 3
375 3
466 3
362 3
928 3
651 3
741 3
985 3
763 3
317 3
926 3
748 3
386 3
70 3
800 3
993 3
78 3
893 3
487 3
13 3
711 3
243 3
314 3
906 3
599 3
252 3
684 3
378 3
177 3
693 3
880 3
229 3
114 3
364 3
82 3
133 3
91 3
968 3
715 3
947 3
384 3
132 3
862 3
905 3
610 3
294 3
669 3
744 3
656 275
275 83
275 485
275 387
279 805
78 279
971 851
581 108
581 43
656 485
299 387
78 43
485 707
707 805
975 707
417 975
971 299
808 805
581 387
299 805
581 78
485 851
581 275
808 417
43 902
387 851
656 805
417 83
656 43
808 851
43 805
971 387
108 805
417 275
971 805
975 485
975 387
299 851
43 275
971 975
299 279
43 975
108 902
108 485
971 83
656 417
108 417
971 808
299 485
299 43
971 707
279 387
299 975
581 656
656 851
299 417
971 43
78 275
971 581
387 902
