1000
500
386 1
347 1
907 1
690 1
489 1
515 1
411 1
931 1
879 1
988 1
67 1
184 1
633 1
912 1
629 1
835 1
707 1
452 1
964 1
379 1
294 1
803 1
197 1
56 1
944 1
322 1
616 1
554 1
62 1
137 1
324 1
365 1
532 1
715 1
253 1
641 1
956 1
5 1
155 1
264 1
4 1
602 1
199 1
16 1
925 1
10 1
349 1
244 1
32 1
35 1
902 1
556 1
760 1
242 1
229 1
712 1
25 1
568 1
644 1
149 1
649 1
908 1
116 1
372 1
601 1
31 1
965 1
399 1
947 1
110 1
431 1
255 1
147 1
209 1
115 1
336 1
213 1
952 1
793 1
513 1
748 1
398 1
387 1
140 1
281 1
546 1
742 1
45 1
176 1
296 1
178 1
621 1
853 1
463 1
338 1
194 1
104 1
880 1
412 1
773 1
260 1
191 1
455 1
108 1
856 1
745 1
169 1
821 1
29 1
885 1
950 1
466 1
425 1
615 1
587 1
968 1
900 1
693 1
17 1
989 1
776 1
792 1
969 1
595 1
462 1
128 1
683 1
939 1
52 1
816 1
921 1
440 1
949 1
36 1
400 1
604 1
623 1
767 1
34 1
204 1
321 1
535 1
909 1
538 1
864 1
419 1
329 1
872 1
249 1
364 1
486 1
127 1
163 1
94 1
661 1
648 1
593 1
200 1
267 1
74 1
30 1
57 1
173 1
867 1
182 1
910 1
43 1
829 1
78 1
290 1
172 1
723 1
813 1
105 1
219 1
319 1
504 1
470 1
24 1
770 1
447 1
831 1
132 1
637 1
986 1
196 1
572 1
394 1
679 1
905 1
533 1
416 1
345 1
998 1
634 1
966 1
333 1
877 1
731 1
38 1
603 1
305 1
659 1
967 1
857 1
611 1
886 1
188 1
257 1
270 1
109 1
557 1
480 1
812 1
246 1
869 1
141 1
388 1
198 1
457 1
889 1
356 1
589 1
406 1
878 1
566 1
725 1
335 1
81 1
496 1
855 1
520 1
44 1
360 1
284 1
362 1
469 1
492 1
638 1
801 1
609 1
842 1
876 1
516 1
951 1
702 1
346 1
721 1
820 1
228 1
125 2
946 2
342 2
218 2
22 2
920 2
639 2
449 2
709 2
497 2
416 2
215 2
753 2
828 2
698 2
597 2
379 2
508 2
240 2
607 2
94 2
314 2
612 2
165 2
582 2
512 2
274 2
575 2
421 2
825 2
72 2
631 2
229 2
781 2
934 2
468 2
912 2
531 2
178 2
586 2
564 2
158 2
778 2
340 2
261 2
703 2
373 2
437 2
969 2
482 2
382 2
392 2
6 2
113 2
112 2
29 2
163 2
31 2
624 2
944 2
505 2
501 2
492 2
604 2
452 2
181 2
755 2
827 2
554 2
210 2
592 2
269 2
640 2
764 2
226 2
705 2
757 2
193 2
78 2
770 2
469 2
737 2
729 2
670 2
673 2
913 2
863 2
46 2
14 2
843 2
348 2
76 2
62 2
246 2
844 2
812 2
682 2
98 2
367 2
349 2
187 2
436 2
130 2
804 2
714 2
768 2
547 2
687 2
498 2
205 2
327 2
111 2
937 2
174 2
925 2
929 2
41 2
902 2
675 2
677 2
366 2
239 2
521 2
776 2
962 2
588 3
845 3
90 3
365 3
437 3
157 3
6 3
161 3
599 3
813 3
156 3
481 3
288 3
418 3
916 3
632 3
857 3
510 3
666 3
399 3
648 3
315 3
750 3
484 3
736 3
943 3
796 3
625 3
685 3
899 3
920 3
104 3
754 3
978 3
394 3
276 3
591 3
395 3
672 3
69 3
133 3
900 3
827 3
851 3
140 3
803 3
752 3
912 3
800 3
952 3
898 926
79 926
898 751
79 690
10 786
551 249
546 249
898 54
926 786
859 786
997 593
786 621
551 859
407 864
79 859
997 926
786 593
407 54
786 546
926 249
407 805
79 546
593 546
786 864
997 864
805 546
859 621
786 593
786 751
10 546
79 786
926 805
79 407
407 997
997 546
10 593
751 249
805 786
551 751
864 249
898 10
407 786
690 54
786 10
805 54
551 621
10 751
997 786
859 249
79 621
690 864
551 864
786 786
864 621
786 864
898 864
690 593
690 926
690 249
786 54
751 593
751 621
690 805
926 751
751 54
805 786
859 546
407 593
926 786
551 786
551 546
407 898
805 10
859 805
898 621
