1000
500
530 1
489 1
384 1
785 1
71 1
694 1
483 1
559 1
881 1
263 1
764 1
305 1
991 1
580 1
10 1
673 1
652 1
936 1
606 1
649 1
518 1
225 1
180 1
105 1
41 1
396 1
369 1
726 1
824 1
173 1
324 1
653 1
571 1
839 1
207 1
811 1
101 1
121 1
742 1
496 1
603 1
295 1
51 1
57 1
343 1
117 1
858 1
835 1
321 1
810 1
708 1
339 1
958 1
822 1
5 1
587 1
381 1
234 1
391 1
723 1
864 1
499 1
999 1
24 1
179 1
889 1
921 1
266 1
691 1
58 1
155 1
846 1
757 1
292 1
627 1
352 1
851 1
360 1
909 1
161 1
123 1
949 1
525 1
407 1
77 1
284 1
845 1
300 1
640 1
108 1
475 1
193 1
290 1
585 1
512 1
54 1
906 1
438 1
362 1
647 1
809 1
800 1
377 1
245 1
711 1
178 1
598 1
250 1
871 1
790 1
135 1
908 1
449 1
861 1
354 1
157 1
556 1
314 1
336 1
942 1
638 1
493 1
634 1
769 1
223 1
287 1
413 1
143 1
197 1
540 1
818 1
79 1
285 1
719 1
255 1
693 1
270 1
592 1
200 1
359 1
72 1
572 1
560 1
269 1
533 1
171 1
724 1
537 1
687 1
883 1
437 1
552 1
393 1
229 1
275 1
228 1
462 1
458 1
597 1
409 1
375 1
419 1
408 1
86 1
953 1
888 1
502 1
481 1
364 1
983 1
498 1
985 1
174 1
394 1
959 1
731 1
631 1
782 1
402 1
720 1
434 1
37 1
201 1
318 1
8 1
567 1
218 1
376 1
612 1
780 1
804 1
677 1
251 1
989 1
296 1
870 1
252 1
975 1
490 1
814 1
702 1
681 1
709 1
933 1
256 1
887 1
420 1
405 1
91 1
628 1
690 1
779 1
469 1
596 1
428 1
482 1
672 1
106 1
621 1
175 1
626 1
907 1
160 1
31 1
204 1
122 1
680 1
787 1
669 1
850 1
400 1
310 1
784 1
952 1
697 1
90 1
817 1
763 1
341 1
100 1
573 1
946 1
302 1
807 1
917 1
506 1
761 1
239 1
89 1
766 1
649 2
924 2
207 2
484 2
521 2
893 2
674 2
618 2
51 2
336 2
861 2
67 2
433 2
991 2
495 2
421 2
742 2
409 2
966 2
724 2
989 2
889 2
47 2
561 2
423 2
17 2
196 2
400 2
520 2
468 2
965 2
678 2
422 2
946 2
648 2
435 2
53 2
384 2
127 2
379 2
96 2
227 2
617 2
25 2
531 2
580 2
587 2
417 2
930 2
546 2
543 2
601 2
695 2
102 2
853 2
360 2
389 2
136 2
166 2
249 2
787 2
736 2
509 2
488 2
457 2
450 2
501 2
625 2
600 2
885 2
179 2
172 2
13 2
746 2
687 2
807 2
557 2
31 2
274 2
183 2
756 2
816 2
12 2
212 2
516 2
380 2
874 2
653 2
141 2
359 2
887 2
426 2
272 2
993 2
590 2
728 2
63 2
302 2
224 2
770 2
279 2
281 2
622 2
252 2
840 2
766 2
243 2
130 2
986 2
97 2
55 2
545 2
544 2
918 2
860 2
385 2
953 2
998 2
817 2
14 2
481 2
911 2
774 2
900 2
371 2
179 3
449 3
110 3
785 3
541 3
901 3
121 3
337 3
495 3
993 3
757 3
472 3
37 3
700 3
674 3
842 3
87 3
315 3
817 3
238 3
141 3
198 3
524 3
765 3
290 3
764 3
36 3
620 3
258 3
825 3
905 3
368 3
325 3
164 3
231 3
397 3
130 3
451 3
761 3
703 3
639 3
844 3
312 3
300 3
418 3
444 3
106 3
52 3
625 3
79 3
977 568
733 269
395 81
269 653
733 621
393 748
977 562
599 621
628 621
395 562
299 562
828 568
393 621
628 81
395 238
269 628
269 748
595 238
393 595
599 748
733 595
269 238
599 269
595 748
81 238
568 562
628 395
300 653
828 562
35 628
828 81
35 568
299 238
733 568
300 748
599 828
35 393
269 621
599 395
828 238
628 238
599 393
393 269
653 748
828 299
300 238
733 81
595 81
35 733
599 568
977 300
299 300
828 653
568 653
595 269
395 748
35 300
300 568
269 81
393 568
977 733
395 568
653 621
300 81
35 748
977 621
35 595
828 595
238 621
595 395
977 653
595 621
595 653
828 733
299 748
