1000
800
164 1
645 1
117 1
368 1
396 1
952 1
738 1
680 1
175 1
912 1
718 1
725 1
608 1
791 1
250 1
281 1
43 1
569 1
860 1
230 1
122 1
848 1
942 1
417 1
109 1
838 1
810 1
679 1
999 1
497 1
21 1
274 1
994 1
118 1
367 1
98 1
87 1
126 1
383 1
979 1
407 1
510 1
899 1
556 1
730 1
151 1
886 1
222 1
790 1
358 1
916 1
777 1
300 1
321 1
24 1
612 1
307 1
935 1
76 1
232 1
484 1
653 1
953 1
523 1
710 1
695 1
833 1
177 1
893 1
461 1
340 1
402 1
588 1
259 1
509 1
520 1
676 1
737 1
539 1
845 1
62 1
660 1
257 1
600 1
268 1
606 1
906 1
927 1
356 1
27 1
798 1
713 1
440 1
813 1
317 1
650 1
398 1
96 1
279 1
366 1
739 1
900 1
572 1
783 1
439 1
972 1
717 1
752 1
702 1
560 1
355 1
282 1
224 1
403 1
969 1
733 1
530 1
875 1
131 1
931 1
181 1
162 1
707 1
834 1
411 1
389 1
469 1
862 1
620 1
950 1
955 1
890 1
586 1
348 1
54 1
962 1
649 1
319 1
466 1
978 1
839 1
345 1
25 1
842 1
56 1
981 1
401 1
675 1
644 1
146 1
283 1
561 1
266 1
631 1
277 1
213 1
693 1
894 1
443 1
23 1
468 1
768 1
211 1
525 1
428 1
405 1
315 1
352 1
747 1
820 1
412 1
924 1
787 1
325 1
94 1
179 1
219 1
687 1
944 1
537 1
844 1
464 1
517 1
297 1
726 1
384 1
930 1
216 1
346 1
391 1
423 1
360 1
45 1
507 1
590 1
221 1
616 1
344 1
582 1
204 1
95 1
760 1
472 1
285 1
166 1
197 1
275 1
861 1
748 1
482 1
47 1
81 1
598 1
240 1
589 1
158 1
782 1
302 1
86 1
426 1
399 1
965 1
150 1
178 1
120 1
487 1
610 1
643 1
7 1
889 1
551 1
421 1
856 1
74 1
280 1
989 1
800 1
543 1
811 1
434 1
186 1
814 1
705 1
754 1
369 1
799 1
697 1
149 1
378 1
870 1
515 1
541 1
905 1
522 1
992 1
602 1
92 1
553 1
171 1
364 1
160 1
20 1
270 1
500 1
995 1
377 1
773 1
691 1
123 1
58 1
555 1
38 1
945 1
801 1
263 1
492 1
467 1
251 1
303 1
970 1
596 1
519 1
797 1
913 1
385 1
841 1
410 1
387 1
65 1
967 1
60 1
135 1
826 1
984 1
422 1
454 1
584 1
116 1
917 1
463 1
229 1
218 1
824 1
937 1
529 1
700 1
296 1
809 1
682 1
958 1
577 1
597 1
242 1
11 1
609 1
661 1
570 1
284 1
483 1
762 1
840 1
849 1
902 1
335 1
535 1
458 1
987 1
185 1
765 1
34 1
191 1
923 1
357 1
806 1
788 1
31 1
576 1
804 1
736 1
552 1
339 1
878 1
709 1
343 1
879 1
575 1
712 1
652 1
10 1
362 1
460 1
168 1
79 1
770 1
874 1
172 1
125 1
859 1
57 1
106 1
603 1
173 1
245 1
156 1
628 1
39 1
395 1
142 1
212 1
272 1
873 1
513 1
376 1
37 1
334 1
347 1
898 1
508 1
301 1
928 1
153 1
918 1
121 1
557 1
73 1
880 1
657 1
980 1
715 1
816 1
202 1
46 1
727 1
865 1
400 1
779 1
200 1
538 1
298 1
154 1
799 2
209 2
250 2
304 2
33 2
932 2
356 2
752 2
222 2
194 2
361 2
171 2
450 2
646 2
331 2
310 2
564 2
121 2
760 2
641 2
75 2
620 2
524 2
244 2
323 2
881 2
512 2
944 2
203 2
951 2
143 2
674 2
772 2
787 2
234 2
864 2
349 2
454 2
486 2
219 2
705 2
558 2
324 2
295 2
562 2
708 2
812 2
144 2
563 2
816 2
934 2
630 2
525 2
913 2
346 2
205 2
386 2
478 2
394 2
883 2
538 2
272 2
392 2
72 2
690 2
893 2
888 2
915 2
633 2
109 2
710 2
492 2
31 2
10 2
78 2
572 2
627 2
540 2
104 2
336 2
26 2
570 2
993 2
530 2
793 2
560 2
206 2
831 2
612 2
917 2
195 2
90 2
952 2
338 2
433 2
956 2
9 2
837 2
165 2
838 2
833 2
408 2
781 2
335 2
120 2
629 2
263 2
648 2
267 2
835 2
940 2
637 2
287 2
138 2
218 2
608 2
414 2
154 2
828 2
509 2
851 2
782 2
999 2
634 2
7 2
177 2
495 2
966 2
683 2
198 2
225 2
884 2
970 2
188 2
296 2
254 2
902 2
791 2
199 2
890 2
131 2
347 2
845 2
924 2
618 2
99 2
252 2
262 2
47 2
266 2
371 2
965 2
975 2
273 2
344 2
502 2
988 2
672 2
718 2
236 2
778 2
431 2
40 2
639 2
378 2
366 2
469 2
875 2
71 2
546 2
251 2
298 2
923 2
45 2
666 2
603 2
805 2
910 2
821 2
294 2
50 2
626 2
464 2
481 2
728 2
289 2
237 2
636 2
439 2
584 2
351 2
820 2
767 2
679 2
42 2
857 2
472 2
307 2
526 2
184 2
788 3
997 3
556 3
818 3
296 3
118 3
425 3
719 3
553 3
65 3
768 3
943 3
472 3
487 3
853 3
907 3
660 3
686 3
7 3
174 3
805 3
274 3
379 3
97 3
431 3
6 3
461 3
257 3
396 3
935 3
333 3
482 3
423 3
57 3
157 3
548 3
538 3
826 3
646 3
439 3
664 3
176 3
835 3
793 3
165 3
236 3
47 3
576 3
220 3
48 3
721 3
235 3
420 3
207 3
730 3
4 3
812 3
571 3
270 3
584 3
744 3
689 3
532 3
283 3
198 3
508 3
690 3
53 3
746 3
119 3
39 3
321 3
177 3
801 3
210 3
310 3
858 3
568 3
995 3
11 3
687 311
814 543
563 470
894 389
311 389
894 245
687 814
814 511
534 543
470 389
511 373
581 266
534 511
814 373
266 470
581 245
779 470
687 543
563 266
687 581
779 543
824 470
573 470
814 470
591 894
573 894
573 824
779 266
591 511
534 373
563 311
311 373
779 824
311 894
814 245
534 311
311 573
824 266
824 389
687 824
573 543
573 511
591 824
876 573
563 373
563 245
311 511
876 511
389 373
563 894
511 470
591 373
311 814
573 245
779 245
581 389
581 470
470 543
311 581
563 543
311 245
824 543
591 543
591 779
824 581
534 591
687 573
511 581
824 511
266 373
687 591
534 687
876 779
824 894
470 245
779 511
311 876
876 824
687 511
311 591
876 543
573 373
470 894
534 581
876 470
511 389
591 814
814 266
534 470
591 470
534 876
573 779
779 581
511 245
534 266
824 245
534 814
876 266
511 543
687 563
687 389
563 779
687 894
266 389
824 373
534 824
876 389
534 245
814 573
373 543
563 573
894 373
814 581
876 591
563 814
814 824
573 266
581 894
311 824
876 373
