1000
1000
252 1
362 1
381 1
909 1
698 1
473 1
109 1
270 1
232 1
120 1
846 1
652 1
26 1
643 1
617 1
613 1
20 1
906 1
383 1
180 1
890 1
697 1
412 1
503 1
756 1
345 1
329 1
78 1
15 1
742 1
758 1
398 1
932 1
173 1
800 1
213 1
407 1
431 1
633 1
435 1
600 1
669 1
557 1
296 1
829 1
221 1
622 1
548 1
533 1
851 1
480 1
238 1
574 1
198 1
254 1
86 1
482 1
672 1
467 1
668 1
328 1
266 1
750 1
727 1
865 1
224 1
184 1
320 1
691 1
690 1
558 1
359 1
693 1
540 1
64 1
225 1
841 1
112 1
444 1
506 1
725 1
429 1
496 1
73 1
670 1
957 1
367 1
765 1
11 1
582 1
585 1
611 1
129 1
256 1
261 1
915 1
805 1
969 1
784 1
634 1
154 1
418 1
420 1
124 1
595 1
137 1
975 1
76 1
874 1
278 1
291 1
570 1
925 1
416 1
333 1
77 1
388 1
934 1
990 1
900 1
918 1
952 1
626 1
245 1
331 1
798 1
616 1
319 1
606 1
604 1
783 1
81 1
450 1
796 1
210 1
525 1
151 1
272 1
888 1
977 1
723 1
428 1
823 1
311 1
149 1
510 1
203 1
561 1
188 1
556 1
793 1
85 1
281 1
581 1
653 1
91 1
733 1
549 1
954 1
417 1
833 1
636 1
312 1
869 1
759 1
584 1
84 1
424 1
873 1
555 1
25 1
648 1
42 1
483 1
899 1
174 1
963 1
379 1
127 1
704 1
29 1
996 1
552 1
908 1
242 1
719 1
649 1
569 1
589 1
710 1
516 1
155 1
504 1
392 1
430 1
729 1
100 1
958 1
115 1
623 1
760 1
887 1
60 1
94 1
931 1
436 1
121 1
884 1
157 1
248 1
276 1
136 1
843 1
110 1
195 1
553 1
455 1
17 1
825 1
348 1
745 1
22 1
176 1
349 1
146 1
166 1
819 1
893 1
479 1
9 1
264 1
738 1
318 1
298 1
50 1
724 1
253 1
774 1
973 1
849 1
766 1
38 1
82 1
731 1
255 1
979 1
924 1
445 1
401 1
913 1
768 1
806 1
442 1
380 1
721 1
286 1
965 1
62 1
325 1
19 1
334 1
492 1
627 1
28 1
583 1
369 1
787 1
675 1
998 1
113 1
943 1
677 1
361 1
974 1
456 1
987 1
206 1
864 1
493 1
285 1
337 1
309 1
438 1
46 1
216 1
471 1
740 1
942 1
423 1
579 1
597 1
927 1
683 1
377 1
364 1
949 1
182 1
605 1
93 1
682 1
608 1
767 1
414 1
678 1
66 1
650 1
98 1
207 1
247 1
921 1
415 1
316 1
332 1
231 1
507 1
68 1
938 1
715 1
197 1
194 1
834 1
70 1
434 1
907 1
845 1
730 1
199 1
847 1
34 1
459 1
260 1
335 1
300 1
839 1
734 1
453 1
850 1
128 1
274 1
405 1
192 1
854 1
545 1
967 1
953 1
191 1
257 1
250 1
771 1
130 1
153 1
212 1
273 1
117 1
168 1
530 1
657 1
889 1
619 1
43 1
647 1
748 1
365 1
228 1
39 1
960 1
326 1
751 1
268 1
79 1
716 1
681 1
538 1
107 1
852 1
743 1
757 1
580 1
385 1
741 1
817 1
27 1
139 1
114 1
722 1
454 1
263 1
882 1
964 1
118 1
699 1
897 1
297 1
12 1
903 1
358 1
23 1
519 1
441 1
58 1
916 1
866 1
390 1
138 1
511 1
651 1
610 1
346 1
881 1
631 1
5 1
995 1
457 1
205 1
962 1
460 1
989 1
310 1
779 1
901 1
322 1
259 1
466 1
131 1
472 1
999 1
797 1
777 1
868 1
330 1
65 1
632 1
526 1
955 1
790 1
241 1
391 1
781 1
892 1
993 1
464 1
772 1
663 1
739 1
726 1
376 1
211 1
718 1
400 1
816 1
202 1
857 1
484 1
679 1
614 1
419 1
576 1
387 1
162 1
709 1
919 1
939 1
172 1
744 1
143 1
815 1
368 1
36 1
808 1
55 1
344 1
518 1
303 1
508 1
878 1
537 1
577 1
615 1
598 1
126 1
408 1
317 1
339 1
106 1
728 1
660 1
307 1
10 1
96 1
837 1
289 1
972 1
666 1
532 1
910 1
981 1
305 1
872 1
280 1
794 1
253 2
757 2
525 2
546 2
258 2
61 2
937 2
344 2
51 2
224 2
36 2
873 2
383 2
312 2
368 2
761 2
607 2
912 2
458 2
47 2
31 2
146 2
538 2
206 2
237 2
30 2
866 2
6 2
147 2
980 2
530 2
779 2
996 2
499 2
836 2
466 2
782 2
837 2
476 2
706 2
504 2
35 2
923 2
115 2
232 2
708 2
327 2
117 2
517 2
883 2
955 2
689 2
854 2
856 2
153 2
477 2
612 2
471 2
718 2
222 2
695 2
831 2
489 2
495 2
364 2
326 2
567 2
643 2
375 2
540 2
247 2
591 2
777 2
619 2
565 2
369 2
635 2
430 2
766 2
371 2
46 2
793 2
490 2
472 2
724 2
572 2
372 2
970 2
374 2
380 2
446 2
126 2
745 2
829 2
569 2
273 2
815 2
309 2
913 2
610 2
353 2
541 2
628 2
924 2
890 2
296 2
79 2
830 2
500 2
729 2
284 2
998 2
244 2
634 2
441 2
44 2
72 2
103 2
473 2
961 2
341 2
600 2
16 2
439 2
749 2
451 2
905 2
40 2
136 2
174 2
895 2
14 2
807 2
699 2
165 2
791 2
931 2
245 2
201 2
33 2
627 2
423 2
615 2
702 2
849 2
808 2
286 2
660 2
313 2
664 2
920 2
907 2
893 2
802 2
418 2
197 2
290 2
932 2
721 2
76 2
942 2
697 2
733 2
403 2
130 2
987 2
217 2
910 2
596 2
788 2
23 2
639 2
871 2
323 2
306 2
484 2
847 2
362 2
260 2
824 2
976 2
906 2
812 2
98 2
827 2
988 2
7 2
938 2
80 2
218 2
688 2
533 2
928 2
595 2
722 2
413 2
348 2
267 2
110 2
516 2
148 2
967 2
631 2
644 2
657 2
478 2
608 2
262 2
671 2
157 2
387 2
881 2
626 2
977 2
684 2
537 2
280 2
735 2
617 2
806 2
882 2
132 2
277 2
968 2
914 2
962 2
655 2
203 2
861 2
393 2
625 2
175 2
340 2
801 2
503 2
835 2
983 2
422 2
534 2
959 2
560 2
868 2
509 2
282 2
576 2
545 2
176 2
902 2
297 2
158 2
187 3
737 3
884 3
894 3
462 3
558 3
95 3
94 3
279 3
315 3
534 3
731 3
742 3
92 3
682 3
213 3
999 3
81 3
789 3
433 3
323 3
919 3
120 3
471 3
56 3
182 3
367 3
576 3
68 3
612 3
233 3
773 3
114 3
334 3
210 3
563 3
21 3
152 3
605 3
583 3
454 3
267 3
497 3
837 3
548 3
913 3
902 3
824 3
613 3
595 3
852 3
673 3
655 3
421 3
330 3
692 3
786 3
811 3
635 3
710 3
20 3
962 3
126 3
283 3
637 3
208 3
580 3
472 3
738 3
153 3
115 3
499 3
946 3
744 3
976 3
715 3
37 3
100 3
555 3
943 3
478 3
778 3
803 3
858 3
671 3
467 3
4 3
795 3
707 3
62 3
386 3
277 3
91 3
280 3
306 3
366 3
619 3
714 3
495 3
893 3
399 691
643 490
356 92
523 365
92 691
556 490
643 572
349 691
17 691
616 792
720 713
523 542
349 572
556 523
523 792
542 720
349 542
396 691
556 365
399 542
396 542
399 365
542 864
17 490
864 691
349 365
572 490
396 92
556 542
616 542
396 792
792 713
523 92
17 864
556 643
396 713
556 792
542 713
572 92
556 616
349 556
864 713
556 92
399 713
349 864
572 864
349 643
349 17
643 864
356 691
616 720
399 616
523 490
349 490
356 864
542 17
542 490
523 616
399 720
616 17
542 365
356 616
864 720
523 713
396 399
556 399
399 523
616 572
643 713
792 691
616 365
399 92
399 17
356 490
356 713
792 365
643 523
399 572
356 556
556 572
356 17
792 864
490 713
643 365
556 720
556 864
556 17
643 720
92 713
356 792
490 720
396 365
542 792
691 365
643 399
792 720
92 720
720 365
349 399
864 92
356 572
396 17
572 720
349 713
864 365
349 792
349 523
365 713
792 572
396 523
523 691
523 572
523 17
643 691
92 365
643 616
396 616
17 92
349 616
490 92
542 691
399 792
792 490
396 356
523 864
356 349
643 17
396 490
349 92
356 720
572 365
356 399
616 864
792 92
691 713
396 556
572 713
643 542
864 490
792 17
399 490
396 349
643 92
643 792
556 691
616 713
356 643
490 365
616 92
542 572
