1000
500
719 1
614 1
475 1
392 1
854 1
338 1
726 1
699 1
289 1
303 1
287 1
594 1
321 1
188 1
611 1
41 1
674 1
443 1
172 1
182 1
378 1
222 1
40 1
39 1
396 1
168 1
442 1
301 1
478 1
54 1
283 1
635 1
626 1
114 1
517 1
327 1
253 1
399 1
161 1
294 1
851 1
971 1
671 1
684 1
484 1
238 1
26 1
326 1
550 1
898 1
796 1
941 1
63 1
20 1
23 1
657 1
28 1
77 1
662 1
537 1
878 1
231 1
473 1
412 1
416 1
818 1
349 1
542 1
279 1
841 1
886 1
846 1
196 1
741 1
110 1
244 1
679 1
367 1
320 1
688 1
233 1
803 1
836 1
105 1
199 1
707 1
340 1
592 1
904 1
566 1
932 1
451 1
154 1
115 1
514 1
360 1
525 1
575 1
581 1
307 1
482 1
950 1
587 1
274 1
90 1
207 1
435 1
711 1
523 1
465 1
731 1
355 1
885 1
419 1
229 1
291 1
384 1
371 1
46 1
524 1
513 1
263 1
790 1
228 1
653 1
995 1
919 1
84 1
377 1
407 1
526 1
879 1
217 1
591 1
763 1
735 1
362 1
869 1
288 1
126 1
72 1
956 1
706 1
579 1
652 1
219 1
498 1
354 1
903 1
510 1
487 1
574 1
406 1
792 1
474 1
15 1
993 1
104 1
336 1
264 1
385 1
958 1
910 1
245 1
598 1
135 1
749 1
191 1
299 1
986 1
344 1
808 1
586 1
820 1
522 1
907 1
92 1
424 1
940 1
390 1
802 1
266 1
610 1
690 1
391 1
186 1
346 1
324 1
95 1
580 1
304 1
185 1
252 1
227 1
681 1
830 1
394 1
461 1
528 1
131 1
273 1
901 1
500 1
740 1
325 1
386 1
541 1
302 1
308 1
181 1
631 1
795 1
33 1
633 1
128 1
455 1
223 1
71 1
927 1
675 1
350 1
140 1
319 1
659 1
383 1
169 1
600 1
943 1
722 1
935 1
804 1
773 1
952 1
74 1
387 1
141 1
877 1
295 1
609 1
632 1
382 1
410 1
281 1
460 1
702 1
356 1
771 1
664 1
892 1
716 1
863 2
543 2
381 2
388 2
477 2
69 2
386 2
688 2
256 2
850 2
308 2
478 2
896 2
160 2
553 2
772 2
558 2
792 2
703 2
753 2
958 2
81 2
947 2
343 2
728 2
912 2
124 2
40 2
304 2
506 2
565 2
791 2
243 2
752 2
568 2
546 2
382 2
446 2
820 2
275 2
599 2
374 2
391 2
132 2
533 2
714 2
241 2
658 2
390 2
147 2
793 2
168 2
368 2
808 2
495 2
529 2
338 2
789 2
306 2
580 2
828 2
631 2
628 2
625 2
431 2
861 2
224 2
357 2
93 2
711 2
372 2
489 2
203 2
111 2
951 2
511 2
11 2
181 2
559 2
123 2
839 2
832 2
897 2
981 2
740 2
153 2
995 2
851 2
760 2
710 2
21 2
826 2
925 2
258 2
545 2
622 2
725 2
906 2
919 2
817 2
723 2
463 2
65 2
412 2
938 2
575 2
662 2
209 2
765 2
814 2
966 2
126 2
637 2
834 2
79 2
689 2
37 2
848 2
150 2
521 2
491 2
102 2
392 2
706 2
177 2
193 3
418 3
526 3
117 3
241 3
623 3
429 3
597 3
698 3
723 3
826 3
181 3
228 3
77 3
421 3
383 3
21 3
499 3
954 3
607 3
147 3
43 3
969 3
908 3
542 3
681 3
505 3
551 3
479 3
191 3
958 3
765 3
442 3
563 3
312 3
918 3
41 3
402 3
394 3
395 3
651 3
279 3
143 3
433 3
902 3
256 3
981 3
97 3
919 3
52 3
119 726
728 499
499 130
119 763
728 447
988 726
130 763
447 286
447 726
130 256
728 130
763 43
130 43
286 119
782 953
926 648
996 119
217 648
119 217
728 256
996 782
499 119
499 996
499 988
953 988
782 890
782 447
256 119
763 926
728 953
890 43
996 217
726 217
763 648
130 286
256 988
996 43
130 926
996 256
119 988
447 988
726 43
728 119
782 43
988 763
890 726
728 286
996 286
130 988
130 447
119 256
953 217
996 763
119 953
996 119
988 217
499 648
782 286
447 256
728 726
763 217
890 286
988 648
782 988
119 119
728 217
996 726
890 256
286 988
130 726
782 217
890 648
130 119
996 988
499 926
