1000
400
959 1
144 1
811 1
500 1
572 1
517 1
516 1
521 1
298 1
337 1
587 1
270 1
846 1
397 1
632 1
319 1
158 1
257 1
133 1
960 1
719 1
394 1
549 1
219 1
629 1
123 1
676 1
179 1
735 1
483 1
530 1
205 1
796 1
59 1
302 1
372 1
821 1
492 1
823 1
312 1
291 1
177 1
452 1
14 1
998 1
478 1
332 1
198 1
410 1
842 1
32 1
113 1
589 1
35 1
318 1
964 1
881 1
274 1
527 1
540 1
55 1
582 1
559 1
207 1
251 1
457 1
422 1
761 1
882 1
24 1
169 1
402 1
195 1
940 1
546 1
370 1
96 1
225 1
88 1
209 1
206 1
864 1
436 1
556 1
906 1
458 1
855 1
942 1
510 1
464 1
984 1
241 1
620 1
277 1
145 1
258 1
122 1
474 1
765 1
560 1
721 1
279 1
925 1
201 1
51 1
242 1
447 1
640 1
994 1
285 1
947 1
878 1
334 1
475 1
117 1
124 1
601 1
851 1
112 1
921 1
502 1
575 1
428 1
90 1
91 1
323 1
535 1
611 1
427 1
573 1
641 1
654 1
190 1
770 1
677 1
798 1
320 1
116 1
554 1
594 1
64 1
27 1
70 1
176 1
99 1
783 1
755 1
714 1
557 1
404 1
695 1
898 1
544 1
129 1
347 1
685 1
172 1
391 1
995 1
982 1
22 1
131 1
292 1
870 1
884 1
803 1
682 1
812 1
738 1
931 1
434 1
657 1
200 1
212 1
254 1
577 1
340 1
830 1
104 1
367 1
680 1
39 1
54 1
400 1
951 1
306 1
614 1
656 1
358 1
943 1
380 1
329 1
98 1
665 1
419 1
668 1
299 1
681 1
89 1
902 1
537 2
579 2
706 2
360 2
559 2
60 2
828 2
859 2
620 2
213 2
159 2
337 2
548 2
217 2
85 2
568 2
198 2
945 2
780 2
323 2
658 2
765 2
668 2
234 2
524 2
788 2
98 2
95 2
119 2
413 2
984 2
543 2
377 2
187 2
659 2
383 2
237 2
985 2
128 2
133 2
494 2
450 2
557 2
957 2
495 2
967 2
467 2
306 2
618 2
77 2
63 2
956 2
172 2
343 2
799 2
986 2
726 2
157 2
167 2
979 2
753 2
354 2
806 2
757 2
365 2
725 2
848 2
432 2
636 2
952 2
691 2
189 2
320 2
555 2
103 2
233 2
661 2
950 2
818 2
227 2
51 2
510 2
903 2
884 2
810 2
293 2
645 2
760 2
439 2
420 2
657 2
713 2
465 2
20 2
550 2
278 2
696 2
630 2
196 2
605 2
344 3
298 3
620 3
988 3
191 3
651 3
815 3
85 3
99 3
37 3
340 3
842 3
116 3
489 3
350 3
885 3
657 3
632 3
196 3
172 3
779 3
559 3
219 3
84 3
673 3
916 3
820 3
387 3
746 3
442 3
106 3
655 3
423 3
213 3
691 3
421 3
204 3
997 3
672 3
979 3
686 898
378 437
271 686
686 378
271 599
271 378
147 516
930 147
898 13
271 437
728 445
679 590
590 445
930 898
147 898
701 590
147 445
64 701
481 590
789 679
898 701
686 516
599 898
679 701
789 590
13 437
378 701
728 686
789 481
147 679
13 378
686 445
147 378
64 481
898 599
481 445
898 445
728 378
701 481
147 481
930 599
789 599
898 64
898 445
728 64
679 898
599 378
898 481
516 445
898 728
271 728
930 590
481 437
378 898
599 64
147 64
898 898
599 686
481 898
271 147
