200
100
63 1
161 1
102 1
122 1
70 1
69 1
52 1
57 1
75 1
105 1
158 1
80 1
77 1
136 1
24 1
134 1
92 1
47 1
19 1
76 1
131 1
190 1
141 1
99 1
9 1
50 1
109 1
153 1
39 1
95 1
165 1
86 1
176 1
72 1
25 1
73 1
145 1
23 1
14 1
160 1
169 1
44 1
179 1
150 1
91 1
29 1
175 1
116 1
34 1
151 1
135 2
50 2
147 2
86 2
167 2
141 2
37 2
196 2
21 2
84 2
20 2
44 2
163 2
110 2
97 2
43 2
148 2
156 2
102 2
181 2
190 2
68 2
183 2
118 2
112 2
189 3
78 3
123 3
71 3
43 3
145 3
110 3
122 3
114 3
25 3
132 3
199 3
119 19
44 19
44 35
146 57
197 69
88 57
197 26
88 36
44 19
44 116
44 26
197 111
67 26
