300
150
113 1
140 1
250 1
257 1
233 1
169 1
254 1
48 1
202 1
127 1
51 1
292 1
273 1
299 1
192 1
55 1
41 1
63 1
28 1
60 1
8 1
21 1
276 1
213 1
278 1
85 1
67 1
10 1
11 1
128 1
200 1
62 1
105 1
133 1
240 1
12 1
68 1
147 1
231 1
36 1
211 1
258 1
281 1
103 1
290 1
279 1
223 1
253 1
96 1
150 1
57 1
5 1
178 1
205 1
177 1
44 1
246 1
251 1
56 1
237 1
271 1
107 1
262 1
112 1
268 1
167 1
132 1
108 1
42 1
77 1
15 1
135 1
53 1
19 1
88 1
132 2
153 2
152 2
95 2
171 2
30 2
146 2
250 2
240 2
286 2
79 2
226 2
81 2
6 2
228 2
71 2
289 2
218 2
123 2
36 2
18 2
213 2
57 2
19 2
25 2
259 2
142 2
97 2
236 2
46 2
210 2
229 2
105 2
202 2
54 2
258 2
9 2
235 3
196 3
237 3
263 3
194 3
100 3
171 3
206 3
293 3
89 3
45 3
21 3
164 3
69 3
236 3
181 3
251 3
96 99
96 19
276 63
73 276
27 93
94 258
27 152
92 50
73 274
92 152
24 276
93 19
94 73
4 276
99 276
96 258
287 4
258 50
92 63
179 276
179 152
