400
200
187 1
166 1
298 1
45 1
86 1
285 1
214 1
228 1
267 1
110 1
186 1
143 1
37 1
376 1
268 1
233 1
34 1
225 1
392 1
46 1
344 1
137 1
80 1
189 1
223 1
141 1
87 1
128 1
255 1
33 1
317 1
303 1
75 1
172 1
306 1
312 1
133 1
322 1
113 1
56 1
58 1
295 1
325 1
369 1
229 1
247 1
52 1
209 1
116 1
258 1
99 1
90 1
395 1
339 1
138 1
177 1
231 1
367 1
310 1
195 1
171 1
142 1
330 1
333 1
160 1
346 1
19 1
8 1
156 1
164 1
335 1
378 1
338 1
222 1
290 1
356 1
131 1
43 1
6 1
154 1
218 1
206 1
36 1
299 1
92 1
239 1
230 1
377 1
95 1
132 1
176 1
126 1
165 1
79 1
331 1
386 1
236 1
112 1
68 1
205 1
251 2
118 2
245 2
213 2
290 2
253 2
325 2
133 2
280 2
335 2
272 2
73 2
6 2
286 2
64 2
130 2
88 2
15 2
132 2
331 2
365 2
377 2
68 2
375 2
264 2
10 2
180 2
358 2
270 2
376 2
183 2
150 2
293 2
43 2
336 2
194 2
346 2
301 2
215 2
37 2
185 2
110 2
167 2
127 2
312 2
281 2
271 2
4 2
277 2
232 2
233 3
110 3
180 3
178 3
97 3
235 3
198 3
349 3
152 3
99 3
44 3
52 3
22 3
224 3
174 3
375 3
318 3
350 3
372 3
107 3
174 175
174 291
325 12
325 75
325 308
36 308
175 12
291 308
367 70
139 47
4 239
239 34
70 350
239 12
139 34
36 30
291 34
367 30
36 70
174 70
291 350
325 367
175 47
139 350
36 47
75 47
291 4
36 75
174 139
139 239
