500
250
123 1
299 1
334 1
421 1
296 1
250 1
342 1
367 1
126 1
207 1
50 1
55 1
212 1
278 1
385 1
245 1
284 1
61 1
184 1
285 1
130 1
259 1
477 1
94 1
483 1
381 1
103 1
447 1
490 1
37 1
81 1
469 1
127 1
274 1
160 1
70 1
59 1
388 1
124 1
20 1
276 1
391 1
92 1
236 1
384 1
11 1
497 1
247 1
213 1
135 1
460 1
487 1
177 1
89 1
281 1
329 1
479 1
10 1
31 1
40 1
99 1
65 1
90 1
203 1
27 1
265 1
111 1
470 1
164 1
451 1
471 1
302 1
145 1
49 1
244 1
290 1
136 1
192 1
114 1
294 1
58 1
301 1
125 1
173 1
308 1
85 1
73 1
26 1
198 1
211 1
144 1
431 1
108 1
148 1
25 1
138 1
453 1
205 1
35 1
232 1
351 1
321 1
355 1
413 1
474 1
151 1
283 1
30 1
78 1
357 1
350 1
346 1
445 1
429 1
128 1
363 1
87 1
234 1
488 1
42 1
368 1
262 1
459 1
7 1
162 1
348 2
264 2
125 2
478 2
82 2
206 2
109 2
304 2
490 2
37 2
451 2
489 2
362 2
237 2
26 2
496 2
136 2
338 2
189 2
83 2
243 2
122 2
301 2
101 2
278 2
185 2
145 2
417 2
130 2
495 2
460 2
361 2
179 2
60 2
190 2
326 2
17 2
229 2
413 2
218 2
10 2
62 2
166 2
97 2
147 2
96 2
16 2
475 2
268 2
360 2
454 2
471 2
167 2
246 2
461 2
183 2
318 2
134 2
209 2
265 2
59 2
67 2
38 2
499 2
446 2
6 3
316 3
355 3
234 3
124 3
323 3
202 3
156 3
5 3
23 3
290 3
390 3
380 3
11 3
53 3
250 3
111 3
25 3
308 3
247 3
141 3
490 3
400 3
336 3
292 3
496 3
148 3
47 3
180 3
28 3
264 3
58 3
38 430
427 456
492 121
69 273
396 353
257 353
284 353
124 337
434 427
396 337
434 257
38 121
41 69
434 38
434 353
396 198
396 41
396 38
38 185
38 353
41 121
492 69
337 41
284 69
427 69
41 198
38 69
185 430
