600
300
569 1
468 1
449 1
68 1
227 1
82 1
147 1
475 1
281 1
115 1
50 1
173 1
582 1
107 1
395 1
241 1
261 1
285 1
376 1
572 1
89 1
235 1
422 1
530 1
331 1
276 1
79 1
94 1
557 1
253 1
202 1
556 1
483 1
472 1
580 1
423 1
4 1
319 1
314 1
158 1
144 1
283 1
176 1
503 1
463 1
299 1
589 1
584 1
539 1
583 1
150 1
87 1
453 1
114 1
64 1
289 1
160 1
45 1
290 1
363 1
467 1
476 1
139 1
72 1
245 1
218 1
155 1
416 1
371 1
432 1
124 1
81 1
490 1
337 1
279 1
561 1
265 1
489 1
223 1
599 1
291 1
379 1
122 1
215 1
591 1
545 1
450 1
20 1
296 1
32 1
178 1
522 1
325 1
240 1
327 1
549 1
148 1
252 1
35 1
461 1
214 1
401 1
598 1
575 1
196 1
492 1
174 1
322 1
225 1
267 1
284 1
11 1
592 1
496 1
355 1
231 1
92 1
36 1
295 1
560 1
383 1
23 1
367 1
553 1
75 1
263 1
459 1
391 1
550 1
349 1
506 1
59 1
398 1
429 1
358 1
321 1
480 1
504 1
552 1
243 1
544 1
374 1
112 1
308 1
142 1
426 1
217 1
415 1
326 1
348 1
349 2
219 2
344 2
322 2
123 2
282 2
378 2
380 2
311 2
455 2
396 2
539 2
290 2
458 2
318 2
226 2
304 2
289 2
391 2
230 2
577 2
232 2
17 2
376 2
241 2
368 2
140 2
429 2
187 2
63 2
297 2
296 2
119 2
271 2
521 2
169 2
64 2
414 2
468 2
32 2
66 2
39 2
12 2
462 2
200 2
544 2
531 2
592 2
209 2
51 2
587 2
294 2
96 2
234 2
147 2
514 2
261 2
292 2
500 2
67 2
356 2
62 2
8 2
110 2
107 2
439 2
536 2
428 2
382 2
369 2
5 2
97 2
276 2
36 2
281 2
421 3
123 3
268 3
396 3
332 3
364 3
254 3
129 3
411 3
262 3
236 3
177 3
53 3
200 3
491 3
515 3
265 3
52 3
337 3
292 3
501 3
169 3
147 3
404 3
557 3
429 3
74 3
556 3
334 3
382 3
281 3
525 3
493 3
108 3
467 3
231 3
403 3
506 517
533 313
506 355
417 588
204 526
596 417
249 417
20 588
289 61
77 356
61 254
356 588
61 53
417 533
492 53
20 517
417 526
506 533
517 313
77 588
596 517
596 53
596 588
61 588
77 526
289 526
249 517
289 77
289 517
249 492
249 533
289 20
506 356
204 417
588 355
77 506
249 20
596 506
