700
350
201 1
691 1
551 1
699 1
207 1
236 1
599 1
615 1
464 1
328 1
131 1
41 1
149 1
543 1
468 1
398 1
626 1
103 1
439 1
650 1
421 1
522 1
379 1
138 1
315 1
606 1
177 1
324 1
515 1
415 1
108 1
140 1
453 1
671 1
459 1
49 1
267 1
544 1
513 1
496 1
596 1
126 1
382 1
270 1
77 1
455 1
300 1
295 1
452 1
317 1
19 1
301 1
61 1
514 1
395 1
112 1
603 1
523 1
147 1
661 1
698 1
653 1
64 1
550 1
240 1
325 1
675 1
585 1
435 1
643 1
475 1
645 1
302 1
387 1
609 1
32 1
237 1
21 1
592 1
512 1
171 1
530 1
663 1
665 1
226 1
423 1
572 1
683 1
407 1
670 1
668 1
178 1
648 1
192 1
687 1
320 1
71 1
55 1
595 1
539 1
376 1
352 1
305 1
105 1
617 1
136 1
312 1
101 1
481 1
167 1
547 1
536 1
188 1
477 1
364 1
165 1
433 1
182 1
72 1
157 1
48 1
695 1
96 1
47 1
92 1
598 1
409 1
63 1
135 1
616 1
98 1
457 1
420 1
14 1
195 1
296 1
358 1
591 1
350 1
434 1
51 1
391 1
654 1
562 1
303 1
30 1
184 1
238 1
678 1
156 1
440 1
212 1
466 1
374 1
563 1
655 1
355 1
412 1
385 1
50 1
611 1
537 1
125 1
473 1
540 1
359 1
338 1
319 1
287 1
117 1
281 1
538 1
400 1
363 1
265 1
319 2
77 2
294 2
635 2
497 2
241 2
467 2
87 2
19 2
213 2
301 2
222 2
561 2
225 2
469 2
130 2
390 2
166 2
660 2
501 2
129 2
267 2
29 2
360 2
569 2
22 2
670 2
489 2
649 2
541 2
436 2
574 2
68 2
487 2
533 2
414 2
309 2
20 2
98 2
645 2
428 2
330 2
242 2
190 2
488 2
693 2
699 2
67 2
417 2
491 2
474 2
284 2
64 2
41 2
94 2
683 2
174 2
653 2
369 2
123 2
55 2
599 2
382 2
163 2
458 2
456 2
217 2
192 2
651 2
468 2
251 2
389 2
522 2
420 2
601 2
252 2
377 2
310 2
237 2
137 2
617 2
187 2
6 2
657 2
178 2
430 2
527 2
615 3
414 3
135 3
26 3
688 3
31 3
23 3
7 3
34 3
338 3
213 3
33 3
335 3
467 3
374 3
566 3
145 3
218 3
504 3
405 3
675 3
400 3
574 3
518 3
144 3
554 3
6 3
606 3
698 3
485 3
382 3
267 3
398 3
312 3
143 3
562 3
69 3
149 3
542 3
623 3
567 3
261 3
512 3
101 3
229 490
645 693
533 239
121 491
533 31
422 408
491 490
81 490
81 408
491 474
645 263
645 408
301 81
422 393
31 422
646 690
393 81
653 408
263 81
645 81
533 646
393 263
263 693
121 81
393 693
121 239
121 490
121 653
653 81
533 690
229 474
393 301
491 393
229 408
533 693
533 491
81 239
653 263
646 393
121 408
422 301
533 229
690 693
31 653
