800
400
157 1
315 1
58 1
560 1
111 1
456 1
281 1
366 1
394 1
357 1
600 1
98 1
754 1
16 1
513 1
504 1
449 1
131 1
671 1
389 1
599 1
536 1
614 1
205 1
118 1
610 1
224 1
492 1
229 1
202 1
619 1
447 1
235 1
4 1
551 1
683 1
362 1
444 1
452 1
649 1
596 1
582 1
11 1
484 1
57 1
8 1
268 1
261 1
301 1
151 1
248 1
569 1
251 1
646 1
613 1
184 1
564 1
712 1
769 1
790 1
96 1
30 1
403 1
677 1
735 1
97 1
510 1
325 1
470 1
387 1
153 1
256 1
566 1
218 1
390 1
110 1
757 1
72 1
87 1
608 1
758 1
476 1
143 1
539 1
220 1
278 1
711 1
272 1
514 1
27 1
172 1
393 1
39 1
538 1
216 1
759 1
525 1
162 1
746 1
124 1
41 1
772 1
9 1
725 1
279 1
509 1
117 1
62 1
528 1
286 1
420 1
182 1
217 1
147 1
795 1
101 1
212 1
108 1
485 1
562 1
303 1
628 1
133 1
181 1
382 1
309 1
31 1
145 1
763 1
255 1
120 1
477 1
730 1
161 1
488 1
134 1
565 1
291 1
659 1
519 1
246 1
542 1
621 1
523 1
742 1
706 1
415 1
193 1
22 1
84 1
219 1
463 1
601 1
740 1
540 1
409 1
383 1
203 1
49 1
6 1
196 1
152 1
239 1
227 1
567 1
705 1
28 1
627 1
688 1
89 1
407 1
64 1
749 1
723 1
581 1
233 1
529 1
266 1
713 1
430 1
679 1
534 1
570 1
491 1
127 1
140 1
414 1
563 1
479 1
372 1
588 1
630 1
241 1
778 1
461 1
727 1
766 1
626 1
507 1
530 1
498 2
318 2
81 2
334 2
588 2
518 2
157 2
337 2
126 2
249 2
757 2
507 2
147 2
715 2
184 2
762 2
656 2
244 2
620 2
638 2
98 2
108 2
516 2
347 2
701 2
689 2
327 2
642 2
92 2
338 2
580 2
411 2
272 2
155 2
300 2
572 2
299 2
733 2
52 2
668 2
594 2
793 2
619 2
420 2
603 2
694 2
673 2
745 2
176 2
290 2
124 2
576 2
305 2
125 2
248 2
139 2
625 2
135 2
412 2
454 2
404 2
481 2
758 2
637 2
775 2
648 2
203 2
194 2
538 2
283 2
765 2
635 2
629 2
685 2
691 2
45 2
528 2
497 2
573 2
555 2
410 2
792 2
559 2
482 2
106 2
542 2
353 2
414 2
541 2
581 2
158 2
787 2
714 2
468 2
488 2
105 2
164 2
116 2
703 2
502 2
82 3
74 3
497 3
476 3
91 3
632 3
697 3
98 3
766 3
509 3
257 3
237 3
201 3
749 3
408 3
215 3
754 3
87 3
518 3
452 3
763 3
528 3
692 3
631 3
11 3
526 3
236 3
249 3
782 3
358 3
651 3
328 3
731 3
727 3
652 3
350 3
104 3
595 3
496 3
710 3
438 3
493 3
541 3
164 3
119 3
149 3
643 3
240 3
612 3
750 3
651 82
584 82
598 621
503 651
579 220
621 218
598 82
503 220
584 596
212 752
212 769
257 769
579 752
636 752
184 651
212 218
120 621
598 769
621 651
598 286
752 651
503 120
220 184
220 82
257 579
636 212
286 218
257 752
636 579
503 218
212 651
579 584
769 184
769 82
752 218
184 218
769 752
769 220
212 82
257 218
579 120
769 584
579 769
503 598
584 220
257 184
584 218
286 120
584 651
636 125
