900
450
8 1
51 1
692 1
78 1
239 1
115 1
848 1
276 1
218 1
96 1
111 1
128 1
775 1
127 1
802 1
296 1
876 1
457 1
549 1
202 1
155 1
726 1
346 1
454 1
729 1
248 1
737 1
139 1
269 1
324 1
163 1
36 1
166 1
113 1
201 1
444 1
151 1
539 1
283 1
480 1
715 1
226 1
232 1
811 1
103 1
487 1
242 1
340 1
182 1
185 1
604 1
881 1
689 1
856 1
200 1
511 1
680 1
141 1
207 1
788 1
481 1
95 1
354 1
453 1
395 1
88 1
167 1
562 1
485 1
262 1
718 1
882 1
675 1
496 1
540 1
807 1
119 1
732 1
690 1
462 1
887 1
373 1
509 1
681 1
153 1
414 1
619 1
542 1
22 1
80 1
597 1
247 1
93 1
873 1
246 1
583 1
669 1
683 1
736 1
156 1
397 1
427 1
171 1
672 1
489 1
708 1
62 1
753 1
238 1
272 1
240 1
584 1
516 1
863 1
389 1
742 1
328 1
299 1
651 1
896 1
898 1
213 1
614 1
656 1
591 1
884 1
780 1
249 1
709 1
640 1
686 1
722 1
361 1
28 1
885 1
23 1
263 1
864 1
899 1
475 1
648 1
624 1
757 1
879 1
622 1
518 1
852 1
89 1
738 1
172 1
663 1
801 1
655 1
210 1
176 1
118 1
664 1
747 1
579 1
685 1
800 1
866 1
143 1
416 1
687 1
9 1
696 1
769 1
786 1
208 1
79 1
147 1
459 1
452 1
326 1
816 1
357 1
129 1
105 1
773 1
479 1
423 1
586 1
796 1
297 1
803 1
350 1
91 1
437 1
424 1
230 1
306 1
29 1
92 1
387 1
285 1
362 1
295 1
399 1
662 1
435 1
766 1
577 1
433 1
254 1
134 1
723 1
570 1
431 1
4 1
639 1
546 1
810 1
506 1
782 1
170 1
627 1
339 1
644 1
49 1
878 1
700 1
137 1
282 1
590 1
357 2
759 2
38 2
151 2
254 2
328 2
852 2
470 2
656 2
773 2
361 2
407 2
292 2
595 2
326 2
182 2
879 2
584 2
617 2
217 2
258 2
512 2
536 2
155 2
856 2
279 2
246 2
392 2
687 2
355 2
867 2
379 2
449 2
485 2
176 2
570 2
364 2
354 2
270 2
579 2
162 2
453 2
475 2
585 2
831 2
126 2
857 2
243 2
494 2
427 2
216 2
105 2
644 2
178 2
466 2
123 2
742 2
571 2
764 2
430 2
561 2
456 2
432 2
652 2
847 2
782 2
586 2
720 2
329 2
522 2
140 2
659 2
581 2
244 2
871 2
605 2
275 2
41 2
131 2
119 2
596 2
372 2
780 2
514 2
846 2
733 2
350 2
431 2
148 2
495 2
849 2
465 2
574 2
29 2
755 2
521 2
302 2
811 2
883 2
653 2
294 2
833 2
850 2
691 2
537 2
808 2
674 2
787 2
854 2
594 2
504 2
359 2
539 3
13 3
493 3
367 3
472 3
622 3
433 3
814 3
604 3
350 3
664 3
179 3
871 3
90 3
321 3
203 3
660 3
343 3
148 3
77 3
752 3
651 3
86 3
139 3
638 3
196 3
521 3
837 3
440 3
447 3
19 3
180 3
831 3
698 3
879 3
782 3
663 3
888 3
252 3
525 3
624 3
201 3
33 3
82 3
26 3
309 3
794 3
729 3
9 3
788 3
795 3
715 3
544 3
476 3
830 3
217 3
706 710
212 173
710 423
737 860
666 412
710 513
212 423
17 155
783 92
605 92
17 173
666 860
106 412
605 860
605 423
17 666
173 423
605 173
814 173
706 783
737 412
513 423
783 860
789 783
513 412
666 92
783 155
412 176
737 710
710 783
666 212
814 860
789 155
706 106
706 423
17 860
737 106
789 173
605 412
737 706
17 605
412 860
783 212
106 212
789 17
155 173
814 106
17 706
789 737
706 212
706 412
706 814
710 92
706 92
155 92
92 173
789 423
