1000
500
494 1
23 1
417 1
234 1
333 1
552 1
254 1
62 1
456 1
451 1
71 1
447 1
356 1
518 1
39 1
544 1
484 1
116 1
468 1
340 1
434 1
145 1
97 1
111 1
534 1
337 1
191 1
406 1
109 1
334 1
314 1
226 1
530 1
592 1
521 1
189 1
175 1
360 1
19 1
27 1
135 1
236 1
185 1
411 1
387 1
15 1
283 1
397 1
346 1
585 1
287 1
495 1
77 1
8 1
28 1
105 1
174 1
555 1
245 1
305 1
45 1
104 1
448 1
388 1
378 1
488 1
303 1
318 1
129 1
354 1
583 1
400 1
148 1
165 1
207 1
584 1
512 1
402 1
221 1
183 1
42 1
460 1
489 1
549 1
37 1
462 1
564 1
437 1
332 1
90 1
431 1
146 1
472 1
539 1
120 1
249 1
134 1
188 1
53 1
195 1
247 1
159 1
473 1
410 1
227 1
67 1
326 1
243 1
210 1
570 1
299 1
405 1
528 1
551 1
40 1
265 1
63 1
119 1
41 1
590 1
341 1
13 1
262 1
426 1
310 1
271 1
17 1
457 1
438 1
355 1
281 1
38 1
160 1
469 1
10 1
496 1
151 1
272 1
474 1
490 1
492 1
519 1
232 1
96 1
413 1
152 1
579 1
578 1
164 1
440 1
18 1
229 1
350 1
567 1
373 1
312 1
568 1
342 1
412 1
553 1
514 1
504 1
427 1
323 1
307 1
115 1
36 1
308 1
507 1
369 1
31 1
295 1
123 1
278 1
364 1
117 1
110 1
16 1
253 1
399 1
359 1
430 1
92 1
370 1
589 1
150 1
414 1
60 1
83 1
180 1
161 1
569 1
357 1
190 1
86 1
425 1
84 1
172 1
513 1
198 1
404 1
503 1
201 1
508 1
565 1
224 1
343 1
48 1
168 1
193 1
44 1
217 1
558 1
509 1
130 1
125 1
571 1
582 1
186 1
481 1
263 1
107 1
133 1
379 1
136 1
122 1
526 1
485 1
418 1
329 1
595 1
290 1
157 1
73 1
61 1
479 1
375 1
572 1
522 1
306 1
422 1
401 1
459 1
93 1
12 1
131 1
242 1
429 1
284 1
156 2
332 2
12 2
339 2
71 2
13 2
289 2
93 2
87 2
161 2
222 2
267 2
75 2
190 2
128 2
168 2
471 2
504 2
146 2
333 2
96 2
167 2
8 2
100 2
218 2
326 2
522 2
387 2
357 2
145 2
208 2
77 2
135 2
551 2
34 2
538 2
482 2
374 2
396 2
320 2
525 2
147 2
104 2
431 2
14 2
591 2
153 2
40 2
247 2
553 2
24 2
578 2
173 2
121 2
367 2
15 2
315 2
118 2
454 2
447 2
149 2
596 2
460 2
165 2
547 2
193 2
69 2
195 2
91 2
268 2
533 2
22 2
236 2
72 2
549 2
116 2
390 2
47 2
506 2
107 2
151 2
480 2
565 2
571 2
217 2
221 2
242 2
330 2
58 2
546 2
172 2
44 2
239 2
573 2
513 2
223 2
489 2
351 2
562 2
226 2
426 2
284 2
449 2
134 2
206 2
90 2
341 2
377 2
160 2
187 2
4 2
50 2
54 2
363 2
278 2
457 2
166 2
262 2
403 2
536 2
432 2
182 2
294 2
514 2
312 3
437 3
454 3
367 3
387 3
491 3
82 3
339 3
384 3
532 3
161 3
246 3
168 3
314 3
462 3
500 3
370 3
21 3
197 3
316 3
523 3
372 3
527 3
321 3
129 3
108 3
29 3
505 3
381 3
446 3
242 3
40 3
369 3
498 3
14 3
159 3
489 3
400 3
43 3
511 3
243 3
304 3
66 3
212 3
466 3
177 3
506 3
122 3
420 3
79 476
203 114
274 63
54 302
340 84
472 485
511 277
26 302
382 283
250 488
458 40
596 261
302 396
209 272
172 557
42 69
455 347
139 540
587 166
506 184
259 262
485 585
205 265
567 368
364 121
578 548
517 290
309 460
7 4
526 523
116 320
20 562
152 287
91 471
18 69
285 397
140 192
202 43
229 184
549 417
197 303
419 408
341 190
4 141
137 289
142 342
280 104
25 516
393 32
81 131
464 407
473 36
277 499
454 193
230 51
466 330
391 49
554 207
410 305
463 358
306 247
498 268
117 133
87 82
324 246
71 138
74 540
439 348
356 238
489 93
507 167
6 167
131 231
548 566
599 600
600 601
601 602
602 603
603 604
604 605
605 606
606 607
607 608
608 609
609 610
610 611
611 612
612 613
613 614
614 615
615 616
616 617
617 618
618 619
619 620
620 621
621 622
622 623
623 624
624 625
625 626
626 627
627 628
628 629
629 630
630 631
631 632
632 633
633 634
634 635
635 636
636 637
637 638
638 639
639 640
640 641
641 642
642 643
643 644
644 645
645 646
646 647
647 648
648 649
649 650
650 651
651 652
652 653
653 654
654 655
655 656
656 657
657 658
658 659
659 660
660 661
661 662
662 663
663 664
664 665
665 666
666 667
667 668
668 669
669 670
670 671
671 672
672 673
673 674
674 675
675 676
676 677
677 678
678 679
679 680
680 681
681 682
682 683
683 684
684 685
685 686
686 687
687 688
688 689
689 690
690 691
691 692
692 693
693 694
694 695
695 696
696 697
697 698
698 699
699 700
700 701
701 702
702 703
703 704
704 705
705 706
706 707
707 708
708 709
709 710
710 711
711 712
712 713
713 714
714 715
715 716
716 717
717 718
718 719
719 720
720 721
721 722
722 723
723 724
724 725
725 726
726 727
727 728
728 729
729 730
730 731
731 732
732 733
733 734
734 735
735 736
736 737
737 738
738 739
739 740
740 741
741 742
742 743
743 744
744 745
745 746
746 747
747 748
748 749
749 750
750 751
751 752
752 753
753 754
754 755
755 756
756 757
757 758
758 759
759 760
760 761
761 762
762 763
763 764
764 765
765 766
766 767
767 768
768 769
769 770
770 771
771 772
772 773
773 774
774 775
775 776
776 777
777 778
778 779
779 780
780 781
781 782
782 783
783 784
784 785
785 786
786 787
787 788
788 789
789 790
790 791
791 792
792 793
793 794
794 795
795 796
796 797
797 798
798 799
799 800
800 801
801 802
802 803
803 804
804 805
805 806
806 807
807 808
808 809
809 810
810 811
811 812
812 813
813 814
814 815
815 816
816 817
817 818
818 819
819 820
820 821
821 822
822 823
823 824
824 825
825 826
826 827
827 828
828 829
829 830
830 831
831 832
832 833
833 834
834 835
835 836
836 837
837 838
838 839
839 840
840 841
841 842
842 843
843 844
844 845
845 846
846 847
847 848
848 849
849 850
850 851
851 852
852 853
853 854
854 855
855 856
856 857
857 858
858 859
859 860
860 861
861 862
862 863
863 864
864 865
865 866
866 867
867 868
868 869
869 870
870 871
871 872
872 873
873 874
874 875
875 876
876 877
877 878
878 879
879 880
880 881
881 882
882 883
883 884
884 885
885 886
886 887
887 888
888 889
889 890
890 891
891 892
892 893
893 894
894 895
895 896
896 897
897 898
898 899
899 900
900 901
901 902
902 903
903 904
904 905
905 906
906 907
907 908
908 909
909 910
910 911
911 912
912 913
913 914
914 915
915 916
916 917
917 918
918 919
919 920
920 921
921 922
922 923
923 924
924 925
925 926
926 927
927 928
928 929
929 930
930 931
931 932
932 933
933 934
934 935
935 936
936 937
937 938
938 939
939 940
940 941
941 942
942 943
943 944
944 945
945 946
946 947
947 948
948 949
949 950
950 951
951 952
952 953
953 954
954 955
955 956
956 957
957 958
958 959
959 960
960 961
961 962
962 963
963 964
964 965
965 966
966 967
967 968
968 969
969 970
970 971
971 972
972 973
973 974
974 975
975 976
976 977
977 978
978 979
979 980
980 981
981 982
982 983
983 984
984 985
985 986
986 987
987 988
988 989
989 990
990 991
991 992
992 993
993 994
994 995
995 996
996 997
997 998
998 999
999 998
998 997
997 996
996 995
995 994
994 993
993 992
992 991
991 990
990 989
989 988
988 987
987 986
986 985
985 984
984 983
983 982
982 981
981 980
980 979
979 978
978 977
977 976
976 975
975 974
974 973
973 972
972 971
971 970
970 969
969 968
968 967
967 966
966 965
965 964
964 963
963 962
962 961
961 960
960 959
959 958
958 957
957 956
956 955
955 954
954 953
953 952
952 951
951 950
950 949
949 948
948 947
947 946
946 945
945 944
944 943
943 942
942 941
941 940
940 939
939 938
938 937
937 936
936 935
935 934
934 933
933 932
932 931
931 930
930 929
929 928
928 927
927 926
926 925
925 924
924 923
923 922
922 921
921 920
920 919
919 918
918 917
917 916
916 915
915 914
914 913
913 912
912 911
911 910
910 909
909 908
908 907
907 906
906 905
905 904
904 903
903 902
902 901
901 900
900 899
899 898
898 897
897 896
896 895
895 894
894 893
893 892
892 891
891 890
890 889
889 888
888 887
887 886
886 885
885 884
884 883
883 882
882 881
881 880
880 879
879 878
878 877
877 876
876 875
875 874
874 873
873 872
872 871
871 870
870 869
869 868
868 867
867 866
866 865
865 864
864 863
863 862
862 861
861 860
860 859
859 858
858 857
857 856
856 855
855 854
854 853
853 852
852 851
851 850
850 849
849 848
848 847
847 846
846 845
845 844
844 843
843 842
842 841
841 840
840 839
839 838
838 837
837 836
836 835
835 834
834 833
833 832
832 831
831 830
830 829
829 828
828 827
827 826
826 825
825 824
824 823
823 822
822 821
821 820
820 819
819 818
818 817
817 816
816 815
815 814
814 813
813 812
812 811
811 810
810 809
809 808
808 807
807 806
806 805
805 804
804 803
803 802
802 801
801 800
800 799
799 798
798 797
797 796
796 795
795 794
794 793
793 792
792 791
791 790
790 789
789 788
788 787
787 786
786 785
785 784
784 783
783 782
782 781
781 780
780 779
779 778
778 777
777 776
776 775
775 774
774 773
773 772
772 771
771 770
770 769
769 768
768 767
767 766
766 765
765 764
764 763
763 762
762 761
761 760
760 759
759 758
758 757
757 756
756 755
755 754
754 753
753 752
752 751
751 750
750 749
749 748
748 747
747 746
746 745
745 744
744 743
743 742
742 741
741 740
740 739
739 738
738 737
737 736
736 735
735 734
734 733
733 732
732 731
731 730
730 729
729 728
728 727
727 726
726 725
725 724
724 723
723 722
722 721
721 720
720 719
719 718
718 717
717 716
716 715
715 714
714 713
713 712
712 711
711 710
710 709
709 708
708 707
707 706
706 705
705 704
704 703
703 702
702 701
701 700
700 699
699 698
698 697
697 696
696 695
695 694
694 693
693 692
692 691
691 690
690 689
689 688
688 687
687 686
686 685
685 684
684 683
683 682
682 681
681 680
680 679
679 678
678 677
677 676
676 675
675 674
674 673
673 672
672 671
671 670
670 669
669 668
668 667
667 666
666 665
665 664
664 663
663 662
662 661
661 660
660 659
659 658
658 657
657 656
656 655
655 654
654 653
653 652
652 651
651 650
650 649
649 648
648 647
647 646
646 645
645 644
644 643
643 642
642 641
641 640
640 639
639 638
638 637
637 636
636 635
635 634
634 633
633 632
632 631
631 630
630 629
629 628
628 627
627 626
626 625
625 624
624 623
623 622
622 621
621 620
620 619
619 618
618 617
617 616
616 615
615 614
614 613
613 612
612 611
611 610
610 609
609 608
608 607
607 606
606 605
605 604
604 603
603 602
602 601
601 600
600 599
599 1000
600 1000
601 1000
602 1000
603 1000
604 1000
605 1000
606 1000
607 1000
608 1000
609 1000
610 1000
611 1000
612 1000
613 1000
614 1000
615 1000
616 1000
617 1000
618 1000
619 1000
620 1000
621 1000
622 1000
623 1000
624 1000
625 1000
626 1000
627 1000
628 1000
629 1000
630 1000
631 1000
632 1000
633 1000
634 1000
635 1000
636 1000
637 1000
638 1000
639 1000
640 1000
641 1000
642 1000
643 1000
644 1000
645 1000
646 1000
647 1000
648 1000
649 1000
650 1000
651 1000
652 1000
653 1000
654 1000
655 1000
656 1000
657 1000
658 1000
659 1000
660 1000
661 1000
662 1000
663 1000
664 1000
665 1000
666 1000
667 1000
668 1000
669 1000
670 1000
671 1000
672 1000
673 1000
674 1000
675 1000
676 1000
677 1000
678 1000
679 1000
680 1000
681 1000
682 1000
683 1000
684 1000
685 1000
686 1000
687 1000
688 1000
689 1000
690 1000
691 1000
692 1000
693 1000
694 1000
695 1000
696 1000
697 1000
698 1000
699 1000
700 1000
701 1000
702 1000
703 1000
704 1000
705 1000
706 1000
707 1000
708 1000
709 1000
710 1000
711 1000
712 1000
713 1000
714 1000
715 1000
716 1000
717 1000
718 1000
719 1000
720 1000
721 1000
722 1000
723 1000
724 1000
725 1000
726 1000
727 1000
728 1000
729 1000
730 1000
731 1000
732 1000
733 1000
734 1000
735 1000
736 1000
737 1000
738 1000
739 1000
740 1000
741 1000
742 1000
743 1000
744 1000
745 1000
746 1000
747 1000
748 1000
749 1000
750 1000
751 1000
752 1000
753 1000
754 1000
755 1000
756 1000
757 1000
758 1000
759 1000
760 1000
761 1000
762 1000
763 1000
764 1000
765 1000
766 1000
767 1000
768 1000
769 1000
770 1000
771 1000
772 1000
773 1000
774 1000
775 1000
776 1000
777 1000
778 1000
779 1000
780 1000
781 1000
782 1000
783 1000
784 1000
785 1000
786 1000
787 1000
788 1000
789 1000
790 1000
791 1000
792 1000
793 1000
794 1000
795 1000
796 1000
797 1000
798 1000
799 1000
800 1000
801 1000
802 1000
803 1000
804 1000
805 1000
806 1000
807 1000
808 1000
809 1000
810 1000
811 1000
812 1000
813 1000
814 1000
815 1000
816 1000
817 1000
818 1000
819 1000
820 1000
821 1000
822 1000
823 1000
824 1000
825 1000
826 1000
827 1000
828 1000
829 1000
830 1000
831 1000
832 1000
833 1000
834 1000
835 1000
836 1000
837 1000
838 1000
839 1000
840 1000
841 1000
842 1000
843 1000
844 1000
845 1000
846 1000
847 1000
848 1000
849 1000
850 1000
851 1000
852 1000
853 1000
854 1000
855 1000
856 1000
857 1000
858 1000
859 1000
860 1000
861 1000
862 1000
863 1000
864 1000
865 1000
866 1000
867 1000
868 1000
869 1000
870 1000
871 1000
872 1000
873 1000
874 1000
875 1000
876 1000
877 1000
878 1000
879 1000
880 1000
881 1000
882 1000
883 1000
884 1000
885 1000
886 1000
887 1000
888 1000
889 1000
890 1000
891 1000
892 1000
893 1000
894 1000
895 1000
896 1000
897 1000
898 1000
899 1000
900 1000
901 1000
902 1000
903 1000
904 1000
905 1000
906 1000
907 1000
908 1000
909 1000
910 1000
911 1000
912 1000
913 1000
914 1000
915 1000
916 1000
917 1000
918 1000
919 1000
920 1000
921 1000
922 1000
923 1000
924 1000
925 1000
926 1000
927 1000
928 1000
929 1000
930 1000
931 1000
932 1000
933 1000
934 1000
935 1000
936 1000
937 1000
938 1000
939 1000
940 1000
941 1000
942 1000
943 1000
944 1000
945 1000
946 1000
947 1000
948 1000
949 1000
950 1000
951 1000
952 1000
953 1000
954 1000
955 1000
956 1000
957 1000
958 1000
959 1000
960 1000
961 1000
962 1000
963 1000
964 1000
965 1000
966 1000
967 1000
968 1000
969 1000
970 1000
971 1000
972 1000
973 1000
974 1000
975 1000
976 1000
977 1000
978 1000
979 1000
980 1000
981 1000
982 1000
983 1000
984 1000
985 1000
986 1000
987 1000
988 1000
989 1000
990 1000
991 1000
992 1000
993 1000
994 1000
995 1000
996 1000
997 1000
998 1000
