1000
1003
249 1
500 1
573 1
732 1
719 1
375 1
764 1
520 1
71 1
258 1
821 1
59 1
433 1
467 1
607 1
281 1
625 1
318 1
790 1
308 1
278 1
697 1
439 1
462 1
633 1
174 1
242 1
239 1
564 1
597 1
384 1
250 1
729 1
8 1
313 1
45 1
37 1
38 1
610 1
784 1
506 1
654 1
737 1
805 1
594 1
813 1
43 1
298 1
648 1
611 1
322 1
483 1
368 1
56 1
283 1
137 1
522 1
211 1
518 1
628 1
644 1
566 1
311 1
364 1
210 1
617 1
319 1
695 1
801 1
511 1
548 1
620 1
280 1
393 1
88 1
181 1
82 1
241 1
116 1
672 1
458 1
678 1
541 1
415 1
293 1
201 1
410 1
112 1
27 1
750 1
516 1
20 1
257 1
304 1
106 1
69 1
64 1
437 1
487 1
167 1
787 1
533 1
539 1
50 1
365 1
162 1
608 1
354 1
712 1
424 1
114 1
823 1
92 1
456 1
582 1
569 1
473 1
687 1
497 1
192 1
74 1
279 1
207 1
623 1
546 1
235 1
686 1
728 1
448 1
299 1
508 1
606 1
223 1
328 1
135 1
348 1
596 1
24 1
741 1
536 1
538 1
602 1
414 1
376 1
492 1
650 1
272 1
673 1
7 1
713 1
426 1
576 1
102 1
824 1
35 1
544 1
9 1
557 1
184 1
682 1
291 1
459 1
770 1
326 1
568 1
632 1
645 1
193 1
357 1
738 1
98 1
583 1
519 1
614 1
203 1
601 1
792 1
765 1
17 1
727 1
335 1
556 1
286 1
646 1
63 1
734 1
677 1
145 1
46 1
780 1
324 1
369 1
160 1
386 1
685 1
345 1
622 1
260 1
171 1
42 1
360 1
810 1
816 1
330 1
138 1
791 1
691 1
113 1
264 1
486 1
429 1
659 1
532 1
78 1
202 1
715 1
716 1
141 1
766 1
417 1
383 1
230 1
725 1
696 1
629 1
412 1
588 1
453 1
756 1
507 1
635 1
702 1
480 1
76 1
409 1
724 1
763 1
797 1
151 1
788 1
337 1
416 1
185 1
640 1
718 1
674 1
294 1
372 1
274 1
577 1
496 2
116 2
435 2
47 2
725 2
293 2
502 2
577 2
493 2
18 2
195 2
404 2
696 2
824 2
457 2
129 2
669 2
756 2
601 2
615 2
560 2
57 2
553 2
211 2
626 2
154 2
590 2
630 2
572 2
796 2
653 2
49 2
48 2
142 2
522 2
52 2
594 2
294 2
178 2
315 2
89 2
730 2
440 2
148 2
679 2
78 2
50 2
514 2
363 2
353 2
809 2
694 2
557 2
780 2
458 2
395 2
70 2
427 2
649 2
188 2
543 2
244 2
819 2
314 2
632 2
145 2
166 2
523 2
326 2
410 2
634 2
662 2
198 2
551 2
338 2
674 2
658 2
341 2
191 2
507 2
111 2
437 2
454 2
733 2
693 2
121 2
118 2
477 2
104 2
651 2
157 2
794 2
15 2
26 2
483 2
434 2
236 2
269 2
503 2
232 2
732 2
539 2
254 2
327 2
296 2
160 2
253 2
806 2
650 2
37 2
352 2
528 2
623 2
349 2
261 2
447 2
563 2
44 2
165 2
168 2
398 2
90 2
763 2
742 2
643 2
687 3
26 3
387 3
360 3
553 3
275 3
214 3
326 3
471 3
136 3
211 3
233 3
636 3
803 3
731 3
271 3
115 3
348 3
127 3
342 3
6 3
4 3
33 3
188 3
818 3
303 3
190 3
757 3
396 3
78 3
315 3
510 3
258 3
263 3
224 3
606 3
470 3
751 3
485 3
480 3
487 3
465 3
230 3
729 3
130 3
142 3
567 3
786 3
10 3
100 3
650 631
822 631
418 642
170 646
615 452
418 646
615 642
646 631
586 511
822 511
615 650
378 294
586 650
631 511
79 650
60 586
406 511
452 511
418 586
418 452
586 173
586 406
79 294
631 642
362 511
631 378
646 378
615 406
60 680
406 362
822 680
418 650
646 173
362 294
650 452
170 378
60 511
822 646
586 642
631 294
60 650
60 646
586 452
173 511
452 294
615 418
173 294
615 586
60 406
650 680
650 294
79 511
822 418
406 452
822 586
511 642
406 642
586 378
418 680
60 173
646 406
406 294
418 294
79 406
362 631
646 362
406 650
170 406
406 631
615 294
586 362
378 511
650 362
60 452
646 511
170 452
832 833
833 834
834 835
835 836
836 837
837 838
838 839
839 840
840 841
841 842
842 843
843 844
844 845
845 846
846 847
847 848
848 849
849 850
850 851
851 852
852 853
853 854
854 855
855 856
856 857
857 858
858 859
859 860
860 861
861 862
862 863
863 864
864 865
865 866
866 867
867 868
868 869
869 870
870 871
871 872
872 873
873 874
874 875
875 876
876 877
877 878
878 879
879 880
880 881
881 882
882 883
883 884
884 885
885 886
886 887
887 888
888 889
889 890
890 891
891 892
892 893
893 894
894 895
895 896
896 897
897 898
898 899
899 900
900 901
901 902
902 903
903 904
904 905
905 906
906 907
907 908
908 909
909 910
910 911
911 912
912 913
913 914
914 915
915 916
916 917
917 918
918 919
919 920
920 921
921 922
922 923
923 924
924 925
925 926
926 927
927 928
928 929
929 930
930 931
931 932
932 933
933 934
934 935
935 936
936 937
937 938
938 939
939 940
940 941
941 942
942 943
943 944
944 945
945 946
946 947
947 948
948 949
949 950
950 951
951 952
952 953
953 954
954 955
955 956
956 957
957 958
958 959
959 960
960 961
961 962
962 963
963 964
964 965
965 966
966 967
967 968
968 969
969 970
970 971
971 972
972 973
973 974
974 975
975 976
976 977
977 978
978 979
979 980
980 981
981 982
982 983
983 984
984 985
985 986
986 987
987 988
988 989
989 990
990 991
991 992
992 993
993 994
994 995
995 996
996 997
997 998
998 999
999 832
999 998
998 997
997 996
996 995
995 994
994 993
993 992
992 991
991 990
990 989
989 988
988 987
987 986
986 985
985 984
984 983
983 982
982 981
981 980
980 979
979 978
978 977
977 976
976 975
975 974
974 973
973 972
972 971
971 970
970 969
969 968
968 967
967 966
966 965
965 964
964 963
963 962
962 961
961 960
960 959
959 958
958 957
957 956
956 955
955 954
954 953
953 952
952 951
951 950
950 949
949 948
948 947
947 946
946 945
945 944
944 943
943 942
942 941
941 940
940 939
939 938
938 937
937 936
936 935
935 934
934 933
933 932
932 931
931 930
930 929
929 928
928 927
927 926
926 925
925 924
924 923
923 922
922 921
921 920
920 919
919 918
918 917
917 916
916 915
915 914
914 913
913 912
912 911
911 910
910 909
909 908
908 907
907 906
906 905
905 904
904 903
903 902
902 901
901 900
900 899
899 898
898 897
897 896
896 895
895 894
894 893
893 892
892 891
891 890
890 889
889 888
888 887
887 886
886 885
885 884
884 883
883 882
882 881
881 880
880 879
879 878
878 877
877 876
876 875
875 874
874 873
873 872
872 871
871 870
870 869
869 868
868 867
867 866
866 865
865 864
864 863
863 862
862 861
861 860
860 859
859 858
858 857
857 856
856 855
855 854
854 853
853 852
852 851
851 850
850 849
849 848
848 847
847 846
846 845
845 844
844 843
843 842
842 841
841 840
840 839
839 838
838 837
837 836
836 835
835 834
834 833
832 1000
833 1000
834 1000
835 1000
836 1000
837 1000
838 1000
839 1000
840 1000
841 1000
842 1000
843 1000
844 1000
845 1000
846 1000
847 1000
848 1000
849 1000
850 1000
851 1000
852 1000
853 1000
854 1000
855 1000
856 1000
857 1000
858 1000
859 1000
860 1000
861 1000
862 1000
863 1000
864 1000
865 1000
866 1000
867 1000
868 1000
869 1000
870 1000
871 1000
872 1000
873 1000
874 1000
875 1000
876 1000
877 1000
878 1000
879 1000
880 1000
881 1000
882 1000
883 1000
884 1000
885 1000
886 1000
887 1000
888 1000
889 1000
890 1000
891 1000
892 1000
893 1000
894 1000
895 1000
896 1000
897 1000
898 1000
899 1000
900 1000
901 1000
902 1000
903 1000
904 1000
905 1000
906 1000
907 1000
908 1000
909 1000
910 1000
911 1000
912 1000
913 1000
914 1000
915 1000
916 1000
917 1000
918 1000
919 1000
920 1000
921 1000
922 1000
923 1000
924 1000
925 1000
926 1000
927 1000
928 1000
929 1000
930 1000
931 1000
932 1000
933 1000
934 1000
935 1000
936 1000
937 1000
938 1000
939 1000
940 1000
941 1000
942 1000
943 1000
944 1000
945 1000
946 1000
947 1000
948 1000
949 1000
950 1000
951 1000
952 1000
953 1000
954 1000
955 1000
956 1000
957 1000
958 1000
959 1000
960 1000
961 1000
962 1000
963 1000
964 1000
965 1000
966 1000
967 1000
968 1000
969 1000
970 1000
971 1000
972 1000
973 1000
974 1000
975 1000
976 1000
977 1000
978 1000
979 1000
980 1000
981 1000
982 1000
983 1000
984 1000
985 1000
986 1000
987 1000
988 1000
989 1000
990 1000
991 1000
992 1000
993 1000
994 1000
995 1000
996 1000
997 1000
998 1000
999 1000
