1000
500
652 1
894 1
262 1
231 1
408 1
227 1
160 1
604 1
126 1
132 1
813 1
498 1
722 1
169 1
50 1
456 1
87 1
281 1
142 1
749 1
253 1
700 1
123 1
699 1
880 1
489 1
360 1
644 1
867 1
725 1
95 1
512 1
164 1
174 1
205 1
441 1
896 1
69 1
893 1
232 1
688 1
487 1
30 1
802 1
23 1
316 1
627 1
854 1
543 1
41 1
81 1
343 1
629 1
26 1
775 1
358 1
172 1
598 1
404 1
492 1
4 1
470 1
233 1
6 1
668 1
433 1
122 1
335 1
508 1
545 1
347 1
294 1
884 1
386 1
176 1
10 1
615 1
536 1
500 1
471 1
653 1
399 1
22 1
746 1
65 1
602 1
776 1
762 1
112 1
290 1
451 1
552 1
559 1
729 1
763 1
443 1
680 1
826 1
353 1
777 1
563 1
468 1
31 1
733 1
750 1
303 1
143 1
344 1
78 1
135 1
214 1
175 1
413 1
223 1
853 1
562 1
216 1
204 1
579 1
647 1
20 1
323 1
66 1
565 1
240 1
131 1
187 1
148 1
679 1
490 1
263 1
716 1
417 1
365 1
829 1
477 1
685 1
519 1
593 1
473 1
375 1
416 1
476 1
816 1
672 1
573 1
678 1
107 1
862 1
183 1
422 1
713 1
449 1
851 1
662 1
797 1
311 1
245 1
94 1
149 1
388 1
315 1
291 1
140 1
425 1
295 1
523 1
768 1
138 1
841 1
638 1
182 1
511 1
856 1
834 1
141 1
743 1
574 1
823 1
301 1
200 1
145 1
349 1
757 1
86 1
197 1
32 1
179 1
21 1
645 1
597 1
831 1
111 1
450 1
792 1
735 1
878 1
751 1
550 1
770 1
331 1
228 1
577 1
861 1
58 1
592 1
484 1
887 1
13 1
249 1
390 1
475 1
632 1
514 1
252 1
236 1
274 1
222 1
53 1
794 1
194 1
267 1
325 1
48 1
67 1
378 1
781 1
147 1
49 1
120 1
571 1
72 1
92 1
361 1
127 1
248 1
244 1
858 1
784 1
293 1
150 1
860 1
356 1
603 1
88 1
793 1
306 1
697 1
275 1
260 2
612 2
719 2
766 2
588 2
227 2
708 2
746 2
629 2
812 2
839 2
586 2
43 2
757 2
303 2
760 2
775 2
684 2
476 2
267 2
234 2
754 2
886 2
694 2
735 2
368 2
158 2
686 2
34 2
144 2
791 2
764 2
585 2
491 2
312 2
831 2
40 2
673 2
621 2
541 2
213 2
676 2
794 2
596 2
345 2
431 2
872 2
171 2
699 2
420 2
822 2
713 2
883 2
32 2
175 2
666 2
57 2
520 2
226 2
26 2
514 2
74 2
668 2
542 2
566 2
577 2
720 2
519 2
236 2
800 2
553 2
433 2
752 2
326 2
675 2
522 2
554 2
645 2
806 2
106 2
784 2
472 2
884 2
372 2
248 2
207 2
252 2
379 2
453 2
350 2
659 2
323 2
438 2
798 2
69 2
648 2
307 2
375 2
434 2
440 2
474 2
101 2
551 2
390 2
535 2
768 2
105 2
493 2
184 2
329 2
555 2
384 2
811 2
235 2
445 2
428 2
290 2
186 2
51 2
141 2
614 2
39 2
231 2
233 2
187 3
480 3
778 3
332 3
703 3
394 3
758 3
687 3
294 3
49 3
248 3
894 3
528 3
474 3
489 3
772 3
521 3
488 3
135 3
502 3
895 3
808 3
539 3
611 3
546 3
597 3
270 3
387 3
342 3
854 3
831 3
798 3
261 3
16 3
459 3
577 3
549 3
817 3
335 3
218 3
131 3
522 3
811 3
92 3
91 3
391 3
570 3
420 3
291 3
20 300
423 564
634 389
731 892
109 372
98 796
108 654
449 59
541 738
688 474
579 870
652 232
35 12
747 544
209 53
820 856
418 533
466 739
244 567
600 190
672 768
506 67
605 245
840 363
340 72
635 220
175 331
197 263
564 516
333 111
16 264
21 565
566 402
392 195
370 169
287 146
151 292
822 853
331 495
248 82
745 328
59 845
358 754
648 83
88 835
31 324
388 609
97 848
338 658
29 28
485 124
645 486
60 126
602 695
249 433
654 316
431 894
793 678
478 874
873 176
819 549
771 286
536 784
440 57
555 542
815 380
234 886
488 556
772 577
44 626
139 679
126 616
561 582
339 174
899 900
900 901
901 902
902 903
903 904
904 905
905 906
906 907
907 908
908 909
909 910
910 911
911 912
912 913
913 914
914 915
915 916
916 917
917 918
918 919
919 920
920 921
921 922
922 923
923 924
924 925
925 926
926 927
927 928
928 929
929 930
930 931
931 932
932 933
933 934
934 935
935 936
936 937
937 938
938 939
939 940
940 941
941 942
942 943
943 944
944 945
945 946
946 947
947 948
948 949
949 950
950 951
951 952
952 953
953 954
954 955
955 956
956 957
957 958
958 959
959 960
960 961
961 962
962 963
963 964
964 965
965 966
966 967
967 968
968 969
969 970
970 971
971 972
972 973
973 974
974 975
975 976
976 977
977 978
978 979
979 980
980 981
981 982
982 983
983 984
984 985
985 986
986 987
987 988
988 989
989 990
990 991
991 992
992 993
993 994
994 995
995 996
996 997
997 998
998 999
999 998
998 997
997 996
996 995
995 994
994 993
993 992
992 991
991 990
990 989
989 988
988 987
987 986
986 985
985 984
984 983
983 982
982 981
981 980
980 979
979 978
978 977
977 976
976 975
975 974
974 973
973 972
972 971
971 970
970 969
969 968
968 967
967 966
966 965
965 964
964 963
963 962
962 961
961 960
960 959
959 958
958 957
957 956
956 955
955 954
954 953
953 952
952 951
951 950
950 949
949 948
948 947
947 946
946 945
945 944
944 943
943 942
942 941
941 940
940 939
939 938
938 937
937 936
936 935
935 934
934 933
933 932
932 931
931 930
930 929
929 928
928 927
927 926
926 925
925 924
924 923
923 922
922 921
921 920
920 919
919 918
918 917
917 916
916 915
915 914
914 913
913 912
912 911
911 910
910 909
909 908
908 907
907 906
906 905
905 904
904 903
903 902
902 901
901 900
900 899
899 1000
900 1000
901 1000
902 1000
903 1000
904 1000
905 1000
906 1000
907 1000
908 1000
909 1000
910 1000
911 1000
912 1000
913 1000
914 1000
915 1000
916 1000
917 1000
918 1000
919 1000
920 1000
921 1000
922 1000
923 1000
924 1000
925 1000
926 1000
927 1000
928 1000
929 1000
930 1000
931 1000
932 1000
933 1000
934 1000
935 1000
936 1000
937 1000
938 1000
939 1000
940 1000
941 1000
942 1000
943 1000
944 1000
945 1000
946 1000
947 1000
948 1000
949 1000
950 1000
951 1000
952 1000
953 1000
954 1000
955 1000
956 1000
957 1000
958 1000
959 1000
960 1000
961 1000
962 1000
963 1000
964 1000
965 1000
966 1000
967 1000
968 1000
969 1000
970 1000
971 1000
972 1000
973 1000
974 1000
975 1000
976 1000
977 1000
978 1000
979 1000
980 1000
981 1000
982 1000
983 1000
984 1000
985 1000
986 1000
987 1000
988 1000
989 1000
990 1000
991 1000
992 1000
993 1000
994 1000
995 1000
996 1000
997 1000
998 1000
