1000
802
230 1
645 1
235 1
344 1
296 1
507 1
427 1
686 1
460 1
165 1
820 1
428 1
115 1
844 1
435 1
717 1
864 1
206 1
177 1
849 1
378 1
584 1
867 1
450 1
481 1
135 1
787 1
50 1
577 1
334 1
612 1
586 1
819 1
93 1
789 1
423 1
785 1
631 1
845 1
392 1
171 1
329 1
598 1
706 1
730 1
151 1
669 1
588 1
169 1
236 1
447 1
466 1
116 1
384 1
189 1
283 1
397 1
887 1
487 1
22 1
403 1
753 1
806 1
29 1
495 1
640 1
36 1
757 1
0 1
125 1
809 1
358 1
760 1
766 1
465 1
144 1
436 1
10 1
827 1
772 1
290 1
485 1
881 1
223 1
690 1
692 1
190 1
468 1
618 1
82 1
308 1
505 1
657 1
113 1
74 1
203 1
683 1
353 1
570 1
553 1
725 1
671 1
882 1
356 1
591 1
721 1
896 1
186 1
412 1
474 1
549 1
659 1
343 1
580 1
400 1
823 1
371 1
348 1
30 1
469 1
228 1
225 1
337 1
879 1
97 1
470 1
847 1
893 1
892 1
767 1
182 1
793 1
138 1
601 1
316 1
379 1
393 1
373 1
737 1
196 1
383 1
442 1
528 1
834 1
703 1
662 1
518 1
439 1
176 1
313 1
674 1
301 1
327 1
488 1
661 1
509 1
592 1
515 1
590 1
750 1
387 1
665 1
41 1
27 1
699 1
421 1
854 1
200 1
510 1
38 1
800 1
667 1
606 1
422 1
255 1
83 1
675 1
704 1
162 1
777 1
58 1
78 1
305 1
130 1
237 1
582 1
417 1
733 1
453 1
734 1
839 1
503 1
267 1
605 1
489 1
53 1
54 1
608 1
437 1
852 1
136 1
212 1
891 1
731 1
476 1
575 1
799 1
281 1
45 1
25 1
408 1
473 1
796 1
745 1
168 1
707 1
258 1
260 1
554 1
161 1
642 1
110 1
501 1
783 1
303 1
516 1
457 1
98 1
462 1
75 1
603 1
562 1
672 1
119 1
76 1
325 1
729 1
120 1
663 1
542 1
66 1
632 1
461 1
786 1
732 1
694 1
696 1
679 1
620 1
175 1
590 2
469 2
451 2
612 2
355 2
564 2
265 2
73 2
195 2
500 2
414 2
273 2
816 2
222 2
223 2
310 2
32 2
476 2
5 2
772 2
589 2
466 2
702 2
548 2
485 2
410 2
369 2
873 2
181 2
459 2
350 2
83 2
375 2
159 2
623 2
480 2
494 2
357 2
887 2
344 2
104 2
650 2
299 2
316 2
180 2
137 2
50 2
875 2
678 2
166 2
434 2
822 2
531 2
605 2
578 2
268 2
255 2
601 2
586 2
519 2
121 2
588 2
717 2
705 2
433 2
97 2
734 2
71 2
270 2
503 2
356 2
551 2
79 2
256 2
426 2
18 2
757 2
470 2
509 2
627 2
348 2
893 2
445 2
645 2
806 2
323 2
421 2
411 2
364 2
823 2
131 2
288 2
67 2
371 2
190 2
442 2
185 2
420 2
25 2
167 2
39 2
457 2
142 2
719 2
446 2
872 2
728 2
16 2
865 2
368 2
435 2
613 2
767 2
694 2
176 2
535 2
763 2
792 2
286 2
610 2
788 2
897 2
579 2
211 2
19 2
324 3
241 3
823 3
378 3
501 3
282 3
180 3
814 3
856 3
77 3
464 3
595 3
19 3
207 3
650 3
685 3
325 3
750 3
560 3
849 3
392 3
671 3
406 3
450 3
97 3
265 3
642 3
687 3
454 3
94 3
697 3
314 3
320 3
50 3
742 3
340 3
84 3
240 3
200 3
808 3
470 3
874 3
666 3
135 3
291 3
42 3
740 3
553 3
80 3
448 3
612 326
445 141
308 597
445 308
612 557
485 354
308 790
664 675
445 284
519 790
141 284
664 519
354 557
612 597
445 790
228 790
284 557
664 409
675 790
228 354
409 326
664 790
326 874
326 557
445 326
326 485
409 597
308 326
254 485
445 597
874 273
664 254
254 141
874 284
409 354
254 284
675 485
485 874
228 675
308 141
790 354
675 284
675 557
228 874
308 354
790 326
675 273
790 141
445 612
254 308
664 597
675 354
519 273
409 308
254 273
612 409
326 597
409 557
675 308
664 308
409 141
228 308
141 557
254 790
790 557
228 284
790 597
664 284
519 612
445 874
519 354
612 308
790 273
790 485
519 675
254 597
899 900
900 901
901 902
902 903
903 904
904 905
905 906
906 907
907 908
908 909
909 910
910 911
911 912
912 913
913 914
914 915
915 916
916 917
917 918
918 919
919 920
920 921
921 922
922 923
923 924
924 925
925 926
926 927
927 928
928 929
929 930
930 931
931 932
932 933
933 934
934 935
935 936
936 937
937 938
938 939
939 940
940 941
941 942
942 943
943 944
944 945
945 946
946 947
947 948
948 949
949 950
950 951
951 952
952 953
953 954
954 955
955 956
956 957
957 958
958 959
959 960
960 961
961 962
962 963
963 964
964 965
965 966
966 967
967 968
968 969
969 970
970 971
971 972
972 973
973 974
974 975
975 976
976 977
977 978
978 979
979 980
980 981
981 982
982 983
983 984
984 985
985 986
986 987
987 988
988 989
989 990
990 991
991 992
992 993
993 994
994 995
995 996
996 997
997 998
998 999
999 899
999 998
998 997
997 996
996 995
995 994
994 993
993 992
992 991
991 990
990 989
989 988
988 987
987 986
986 985
985 984
984 983
983 982
982 981
981 980
980 979
979 978
978 977
977 976
976 975
975 974
974 973
973 972
972 971
971 970
970 969
969 968
968 967
967 966
966 965
965 964
964 963
963 962
962 961
961 960
960 959
959 958
958 957
957 956
956 955
955 954
954 953
953 952
952 951
951 950
950 949
949 948
948 947
947 946
946 945
945 944
944 943
943 942
942 941
941 940
940 939
939 938
938 937
937 936
936 935
935 934
934 933
933 932
932 931
931 930
930 929
929 928
928 927
927 926
926 925
925 924
924 923
923 922
922 921
921 920
920 919
919 918
918 917
917 916
916 915
915 914
914 913
913 912
912 911
911 910
910 909
909 908
908 907
907 906
906 905
905 904
904 903
903 902
902 901
901 900
899 1000
900 1000
901 1000
902 1000
903 1000
904 1000
905 1000
906 1000
907 1000
908 1000
909 1000
910 1000
911 1000
912 1000
913 1000
914 1000
915 1000
916 1000
917 1000
918 1000
919 1000
920 1000
921 1000
922 1000
923 1000
924 1000
925 1000
926 1000
927 1000
928 1000
929 1000
930 1000
931 1000
932 1000
933 1000
934 1000
935 1000
936 1000
937 1000
938 1000
939 1000
940 1000
941 1000
942 1000
943 1000
944 1000
945 1000
946 1000
947 1000
948 1000
949 1000
950 1000
951 1000
952 1000
953 1000
954 1000
955 1000
956 1000
957 1000
958 1000
959 1000
960 1000
961 1000
962 1000
963 1000
964 1000
965 1000
966 1000
967 1000
968 1000
969 1000
970 1000
971 1000
972 1000
973 1000
974 1000
975 1000
976 1000
977 1000
978 1000
979 1000
980 1000
981 1000
982 1000
983 1000
984 1000
985 1000
986 1000
987 1000
988 1000
989 1000
990 1000
991 1000
992 1000
993 1000
994 1000
995 1000
996 1000
997 1000
998 1000
999 1000
