1000
802
613 1
260 1
361 1
455 1
405 1
659 1
297 1
498 1
20 1
267 1
49 1
254 1
826 1
728 1
835 1
179 1
142 1
100 1
96 1
270 1
579 1
245 1
589 1
745 1
584 1
891 1
666 1
430 1
143 1
105 1
696 1
647 1
473 1
446 1
663 1
684 1
614 1
753 1
80 1
544 1
897 1
266 1
193 1
771 1
372 1
609 1
374 1
864 1
294 1
101 1
229 1
784 1
767 1
153 1
450 1
439 1
157 1
472 1
417 1
772 1
774 1
794 1
808 1
133 1
730 1
69 1
878 1
551 1
700 1
806 1
593 1
877 1
460 1
305 1
470 1
393 1
210 1
235 1
571 1
10 1
667 1
522 1
263 1
307 1
560 1
32 1
618 1
325 1
391 1
883 1
75 1
629 1
862 1
602 1
721 1
164 1
336 1
815 1
807 1
434 1
528 1
278 1
552 1
314 1
398 1
642 1
414 1
390 1
23 1
145 1
261 1
329 1
754 1
326 1
440 1
466 1
349 1
77 1
313 1
86 1
510 1
553 1
690 1
872 1
324 1
842 1
886 1
385 1
599 1
632 1
797 1
166 1
825 1
485 1
265 1
269 1
491 1
360 1
836 1
890 1
606 1
562 1
765 1
274 1
752 1
257 1
204 1
801 1
300 1
776 1
190 1
634 1
330 1
98 1
831 1
829 1
132 1
65 1
308 1
175 1
158 1
311 1
94 1
582 1
695 1
380 1
739 1
38 1
818 1
843 1
130 1
857 1
779 1
4 1
44 1
219 1
805 1
89 1
149 1
194 1
893 1
22 1
357 1
138 1
17 1
125 1
222 1
435 1
607 1
520 1
431 1
570 1
619 1
852 1
303 1
538 1
363 1
104 1
668 1
91 1
651 1
567 1
25 1
846 1
279 1
50 1
18 1
200 1
344 1
505 1
226 1
159 1
231 1
127 1
704 1
152 1
692 1
866 1
111 1
573 1
409 1
506 1
252 1
622 1
587 1
199 1
885 1
37 1
16 1
395 1
404 1
755 1
795 1
742 1
454 1
494 1
54 1
834 1
113 1
384 1
474 1
476 1
504 1
639 1
789 1
15 1
59 1
107 1
317 1
484 1
383 2
249 2
659 2
35 2
208 2
609 2
616 2
297 2
37 2
886 2
380 2
837 2
767 2
206 2
42 2
690 2
124 2
756 2
139 2
697 2
602 2
118 2
658 2
111 2
160 2
130 2
617 2
545 2
39 2
145 2
622 2
652 2
70 2
822 2
713 2
203 2
741 2
413 2
483 2
830 2
848 2
355 2
724 2
503 2
499 2
129 2
674 2
10 2
323 2
62 2
216 2
186 2
815 2
152 2
777 2
181 2
687 2
95 2
805 2
449 2
446 2
400 2
539 2
505 2
670 2
677 2
650 2
189 2
704 2
464 2
235 2
234 2
613 2
825 2
589 2
663 2
6 2
473 2
349 2
108 2
81 2
390 2
210 2
625 2
441 2
541 2
394 2
438 2
757 2
50 2
268 2
363 2
485 2
104 2
489 2
74 2
396 2
73 2
552 2
54 2
151 2
569 2
328 2
178 2
820 2
648 2
502 2
538 2
281 2
27 2
619 2
785 2
348 2
782 2
100 2
259 2
593 2
878 2
120 2
836 2
374 2
720 2
644 2
682 2
755 2
224 3
53 3
751 3
262 3
853 3
226 3
641 3
831 3
355 3
351 3
719 3
44 3
743 3
505 3
541 3
332 3
97 3
620 3
792 3
528 3
401 3
411 3
508 3
345 3
51 3
689 3
534 3
189 3
235 3
745 3
877 3
413 3
649 3
259 3
626 3
539 3
107 3
326 3
309 3
767 3
583 3
678 3
774 3
714 3
362 3
851 3
606 3
744 3
446 3
37 3
317 577
855 25
526 25
791 698
114 43
855 577
477 855
369 477
526 238
659 263
114 577
263 855
195 263
195 25
362 659
238 791
195 114
195 149
238 369
149 227
362 369
114 238
526 263
227 855
195 369
791 855
238 698
263 25
195 698
149 791
845 43
362 263
369 577
114 855
149 659
659 369
526 659
362 477
526 149
238 855
227 845
362 238
43 25
227 698
195 477
317 791
238 263
149 845
369 25
114 227
43 659
43 577
114 845
317 25
791 577
526 855
845 263
659 855
195 791
149 238
477 577
526 195
526 362
238 43
227 791
317 845
698 25
149 43
526 227
227 25
149 698
238 845
369 698
659 25
659 698
317 263
899 900
900 901
901 902
902 903
903 904
904 905
905 906
906 907
907 908
908 909
909 910
910 911
911 912
912 913
913 914
914 915
915 916
916 917
917 918
918 919
919 920
920 921
921 922
922 923
923 924
924 925
925 926
926 927
927 928
928 929
929 930
930 931
931 932
932 933
933 934
934 935
935 936
936 937
937 938
938 939
939 940
940 941
941 942
942 943
943 944
944 945
945 946
946 947
947 948
948 949
949 950
950 951
951 952
952 953
953 954
954 955
955 956
956 957
957 958
958 959
959 960
960 961
961 962
962 963
963 964
964 965
965 966
966 967
967 968
968 969
969 970
970 971
971 972
972 973
973 974
974 975
975 976
976 977
977 978
978 979
979 980
980 981
981 982
982 983
983 984
984 985
985 986
986 987
987 988
988 989
989 990
990 991
991 992
992 993
993 994
994 995
995 996
996 997
997 998
998 999
999 899
999 998
998 997
997 996
996 995
995 994
994 993
993 992
992 991
991 990
990 989
989 988
988 987
987 986
986 985
985 984
984 983
983 982
982 981
981 980
980 979
979 978
978 977
977 976
976 975
975 974
974 973
973 972
972 971
971 970
970 969
969 968
968 967
967 966
966 965
965 964
964 963
963 962
962 961
961 960
960 959
959 958
958 957
957 956
956 955
955 954
954 953
953 952
952 951
951 950
950 949
949 948
948 947
947 946
946 945
945 944
944 943
943 942
942 941
941 940
940 939
939 938
938 937
937 936
936 935
935 934
934 933
933 932
932 931
931 930
930 929
929 928
928 927
927 926
926 925
925 924
924 923
923 922
922 921
921 920
920 919
919 918
918 917
917 916
916 915
915 914
914 913
913 912
912 911
911 910
910 909
909 908
908 907
907 906
906 905
905 904
904 903
903 902
902 901
901 900
899 1000
900 1000
901 1000
902 1000
903 1000
904 1000
905 1000
906 1000
907 1000
908 1000
909 1000
910 1000
911 1000
912 1000
913 1000
914 1000
915 1000
916 1000
917 1000
918 1000
919 1000
920 1000
921 1000
922 1000
923 1000
924 1000
925 1000
926 1000
927 1000
928 1000
929 1000
930 1000
931 1000
932 1000
933 1000
934 1000
935 1000
936 1000
937 1000
938 1000
939 1000
940 1000
941 1000
942 1000
943 1000
944 1000
945 1000
946 1000
947 1000
948 1000
949 1000
950 1000
951 1000
952 1000
953 1000
954 1000
955 1000
956 1000
957 1000
958 1000
959 1000
960 1000
961 1000
962 1000
963 1000
964 1000
965 1000
966 1000
967 1000
968 1000
969 1000
970 1000
971 1000
972 1000
973 1000
974 1000
975 1000
976 1000
977 1000
978 1000
979 1000
980 1000
981 1000
982 1000
983 1000
984 1000
985 1000
986 1000
987 1000
988 1000
989 1000
990 1000
991 1000
992 1000
993 1000
994 1000
995 1000
996 1000
997 1000
998 1000
999 1000
