10000
1000
3865 1
7202 1
2648 1
6992 1
8559 1
1448 1
5465 1
1697 1
1142 1
6970 1
501 1
3713 1
3287 1
3330 1
4220 1
8282 1
8206 1
2565 1
6601 1
1397 1
6341 1
1627 1
7237 1
7701 1
4282 1
7119 1
6570 1
3855 1
2138 1
6028 1
481 1
5684 1
6339 1
4856 1
6269 1
4596 1
8924 1
5994 1
6127 1
8865 1
125 1
1929 1
6568 1
5090 1
4865 1
3562 1
1028 1
7001 1
2124 1
8565 1
1577 1
6781 1
7214 1
7322 1
7165 1
3563 1
6862 1
3052 1
2323 1
7772 1
7327 1
1796 1
1414 1
2710 1
286 1
6264 1
90 1
7000 1
6843 1
294 1
4641 1
8814 1
4335 1
5966 1
8974 1
7040 1
8157 1
6762 1
7815 1
3009 1
444 1
5614 1
89 1
8575 1
8921 1
3318 1
3673 1
531 1
3264 1
7715 1
6889 1
6769 1
350 1
4415 1
1594 1
2868 1
7518 1
7306 1
2023 1
6663 1
2427 1
7654 1
2020 1
6191 1
2445 1
8453 1
1994 1
6736 1
1736 1
219 1
4312 1
5071 1
7587 1
4473 1
8968 1
7500 1
6580 1
8810 1
6391 1
5112 1
8781 1
1154 1
8444 1
8715 1
2814 1
8972 1
6613 1
5185 1
6775 1
5653 1
8854 1
193 1
1646 1
6389 1
6575 1
8951 1
3493 1
5609 1
2572 1
689 1
3892 1
5880 1
3760 1
4163 1
6894 1
4989 1
3012 1
224 1
1373 1
7450 1
398 1
7464 1
6514 1
4636 1
1761 1
1737 1
8673 1
1019 1
1535 1
5931 1
498 1
6900 1
479 1
5420 1
379 1
3893 1
6926 1
8724 1
736 1
2060 1
7568 1
4546 1
3378 1
983 1
3607 1
632 1
7074 1
1945 1
4205 1
7898 1
1384 1
6124 1
4271 1
1545 1
8503 1
4638 1
3961 1
6626 1
8858 1
7642 1
6528 1
1807 1
8706 1
4696 1
6774 1
4052 1
6620 1
5329 1
3742 1
5640 1
7084 1
8354 1
2057 1
4139 1
4535 1
44 1
5865 1
5603 1
7716 1
6366 1
6573 1
1715 1
4069 1
4548 1
7524 1
4374 1
264 1
2353 1
5930 1
6681 1
8982 1
5405 1
8946 1
5924 1
993 1
6014 1
716 1
2932 1
6358 1
1360 1
3191 1
3223 1
4115 1
2151 1
3426 1
1347 1
1607 1
7168 1
741 1
1098 1
1113 1
4955 1
1366 1
3415 1
463 1
8353 1
2459 1
6706 1
3434 1
2769 1
7246 1
1239 1
5286 1
8487 1
1374 1
2438 1
7018 1
8817 1
7975 1
5307 1
818 1
4961 1
8945 1
2480 1
8928 1
6379 1
7504 1
8956 1
2533 1
6050 1
6442 1
8363 1
4592 1
1903 1
6643 1
725 1
5459 1
2825 1
839 1
8305 1
7316 1
2715 1
1859 1
1365 1
8835 1
5922 1
879 1
6966 1
8325 1
3321 1
5602 1
6377 1
7342 1
768 1
4485 1
1960 1
7108 1
2920 1
4721 1
369 1
8290 1
898 1
7528 1
3226 1
1218 1
8624 1
8725 1
991 1
6423 1
6378 1
7220 1
8118 1
8397 1
404 1
3072 1
6768 1
1862 1
4813 1
8307 1
6018 1
1192 1
7566 1
8366 1
3580 1
4707 1
7565 1
3635 1
6935 1
8991 1
7149 1
478 1
2965 1
5940 1
7051 1
19 1
2260 1
7640 1
2801 1
7977 1
5529 1
8253 1
2590 1
4236 1
2574 1
5651 1
902 1
4199 1
4606 1
0 1
5804 1
6988 1
6974 1
5179 1
2509 1
2250 1
6849 1
8773 1
7969 1
5072 1
6151 1
7807 1
3087 1
5606 1
6540 1
1839 1
5358 1
8083 1
159 1
1412 1
4405 1
2858 1
7070 1
4581 1
1634 1
2607 1
6380 1
5305 1
5814 1
8339 1
8581 1
915 1
5837 1
5003 1
2582 1
5586 1
5516 1
6534 1
3993 1
247 1
8742 1
343 1
3304 1
3382 1
2723 1
3791 1
2758 1
6984 1
30 1
6447 1
8133 1
6215 1
4283 1
8644 1
2899 1
8246 1
1476 1
929 1
1453 1
3483 1
2948 1
5440 1
3441 1
7888 1
8919 1
5563 1
8327 1
4978 1
2415 1
8893 1
1073 1
2106 1
6164 1
5169 1
8900 1
3596 1
1510 1
361 1
332 1
5728 1
5841 1
4223 1
2505 1
1207 1
7916 1
532 1
1916 1
8429 1
7157 1
7841 1
7438 1
7016 1
4808 1
4025 1
5625 1
1861 1
1102 1
4177 1
2417 1
5637 1
4384 1
1169 1
4934 1
3819 1
7293 1
772 1
1081 1
8212 1
981 1
54 1
7076 1
489 1
4345 1
8124 1
6969 1
4613 1
3288 1
4273 1
2831 1
7582 1
3907 1
4389 1
1116 1
4323 1
4390 1
3494 1
2064 1
1814 1
2285 1
7456 1
5854 1
6944 1
4487 1
4450 1
3536 1
1163 1
3759 1
3639 1
5443 1
3495 1
8314 1
5160 1
7396 1
318 1
5253 1
2171 1
1617 1
8471 1
8617 1
225 1
7669 2
1360 2
1094 2
7800 2
4621 2
3123 2
6688 2
1376 2
8499 2
3603 2
5672 2
1225 2
4251 2
319 2
4280 2
7941 2
6670 2
4211 2
6309 2
1856 2
3307 2
8721 2
934 2
289 2
8760 2
4482 2
6007 2
6229 2
5638 2
3679 2
547 2
6182 2
6843 2
5446 2
7130 2
3860 2
5071 2
617 2
7757 2
3992 2
4061 2
5218 2
1898 2
8286 2
2014 2
1271 2
7508 2
6391 2
4871 2
6986 2
1226 2
7691 2
67 2
4742 2
8428 2
7729 2
6882 2
8316 2
5833 2
219 2
538 2
1549 2
2690 2
3291 2
8905 2
2664 2
3814 2
7378 2
8521 2
7659 2
6414 2
5914 2
5795 2
7217 2
830 2
1624 2
34 2
6080 2
1700 2
2470 2
525 2
8993 2
1244 2
8405 2
817 2
1632 2
7534 2
8102 2
3231 2
2630 2
4047 2
3624 2
3506 2
8118 2
1553 2
3160 2
3606 2
79 2
7992 2
6708 2
5397 2
8237 2
8171 2
332 2
4984 2
8448 2
4355 2
2024 2
1508 2
4616 2
1753 2
8289 2
2174 2
6495 2
7529 2
3514 2
8767 2
245 2
6142 2
7642 2
5322 2
5195 2
2265 2
6712 2
961 2
7719 2
6633 2
6378 2
5758 2
342 2
4848 2
1978 2
3721 2
6654 2
4656 2
90 2
4753 2
8927 2
5797 2
5251 2
7289 2
4259 2
2262 2
8883 2
4131 2
2914 2
3515 2
2036 2
5286 2
3435 2
7501 2
4715 2
8481 2
2390 2
2523 2
7649 2
206 2
8675 2
271 2
461 2
4408 2
8354 2
3250 2
2128 2
463 2
4563 2
4218 2
2215 2
1905 2
5369 2
3561 2
3505 2
2673 2
7369 2
7791 2
4243 2
2669 2
2995 2
7732 2
3165 2
1194 2
7012 2
5594 2
182 2
406 2
6460 2
303 2
7279 2
2907 2
5925 2
963 2
6402 2
8649 2
5533 2
6280 2
8008 2
5312 2
7055 2
7987 2
4975 3
2173 3
4460 3
8673 3
5762 3
8726 3
1630 3
8508 3
5757 3
5660 3
3803 3
7845 3
714 3
6878 3
1874 3
45 3
6105 3
6298 3
6463 3
2892 3
1449 3
1091 3
2424 3
5032 3
3518 3
1540 3
7062 3
3196 3
2235 3
958 3
8477 3
1746 3
2980 3
4887 3
8404 3
8312 3
5448 3
772 3
8518 3
6043 3
8682 3
4927 3
494 3
2315 3
8133 3
7 3
5653 3
4872 3
7998 3
7888 3
8356 3
5716 3
6685 3
1968 3
5347 3
2426 3
6329 3
2752 3
1025 3
8866 3
1784 3
6867 3
7529 3
1961 3
5855 3
8908 3
1171 3
4904 3
1923 3
6165 3
6687 3
2208 3
3506 3
4994 3
138 3
8235 3
1717 3
4013 3
8230 3
3586 3
163 3
3701 3
3648 3
6526 3
8532 3
256 3
4093 3
4422 3
8537 3
1950 3
7314 3
4646 3
7790 3
5454 3
1652 3
1211 3
4416 3
1691 3
7256 3
2474 2846
814 4806
7970 8001
8960 6645
8686 4368
4835 4229
8437 5475
3375 2657
1142 6095
3806 5035
2375 7417
2610 2724
4161 8726
4972 7559
3763 8295
415 8740
4309 6554
6327 8584
3016 8651
7655 2331
6432 6348
3627 4712
132 5883
1022 7151
5541 2623
3349 5664
5342 8194
3312 6274
1469 6920
8327 5368
8022 1629
6035 2379
6344 5457
3786 4344
8725 5662
8897 5076
3642 4041
2314 162
4028 2254
3613 7742
7961 4110
813 2777
1610 1279
7848 3575
5164 1233
5684 4130
4557 8141
619 5023
6414 243
5833 8078
961 8279
1541 8694
2336 431
6791 1053
8031 2299
5897 3374
2739 8091
2753 4887
2012 2507
4596 734
7318 5051
3572 6855
7987 5875
1656 7694
3713 4253
4807 3163
922 1854
345 5854
1787 8435
609 4302
22 7775
2665 8852
1630 4702
5161 1647
4063 2252
2866 5199
456 2696
4664 1683
5587 6970
8817 8756
1767 5847
6129 532
4031 4939
4503 3869
1046 3908
2530 641
8566 7879
3700 788
2121 8480
8133 5764
4867 7860
4127 7079
2631 8565
5030 48
4279 6496
2931 831
5412 1644
2427 1289
5305 4558
3670 8624
21 7363
2008 2486
5850 5656
4842 3373
4149 3050
7360 4324
4839 3417
8706 3826
496 6993
6484 3789
100 3106
3018 2320
5196 6067
4250 2588
817 2878
1564 1599
4228 1855
5769 5467
5460 5952
6354 6807
4613 7896
6826 247
6106 276
7060 6618
7001 5247
5217 7882
7092 5186
7866 5461
3081 6372
2505 5743
3762 4183
1526 1840
2777 5852
8679 3651
6149 70
604 3127
8288 278
3011 191
2752 6398
1803 5721
120 4073
6276 926
2597 1272
6836 1320
3456 8552
3474 8216
8594 656
6920 206
8369 4781
3197 3382
3900 7283
7710 3355
4920 1785
6582 7192
8603 3927
5552 5068
8176 4233
7370 770
1490 8948
649 4505
5206 4719
7877 6821
2172 5171
7697 269
2416 8618
2116 3245
4444 1679
2462 1796
1516 2493
7070 458
997 7551
5008 7055
4768 5990
8830 3180
4343 8871
3235 5060
4969 439
3124 2446
4099 4455
8530 5877
1726 8494
235 998
2338 8100
1289 8144
44 6422
4585 8050
406 5100
5485 7512
1144 263
5336 7929
7889 8558
6083 1914
6940 6908
5699 2305
4750 5553
6494 5490
4610 5340
5214 4210
1502 4584
9001 9002
9002 9003
9003 9004
9004 9005
9005 9006
9006 9007
9007 9008
9008 9009
9009 9010
9010 9011
9011 9012
9012 9013
9013 9014
9014 9015
9015 9016
9016 9017
9017 9018
9018 9019
9019 9020
9020 9021
9021 9022
9022 9023
9023 9024
9024 9025
9025 9026
9026 9027
9027 9028
9028 9029
9029 9030
9030 9031
9031 9032
9032 9033
9033 9034
9034 9035
9035 9036
9036 9037
9037 9038
9038 9039
9039 9040
9040 9041
9041 9042
9042 9043
9043 9044
9044 9045
9045 9046
9046 9047
9047 9048
9048 9049
9049 9050
9050 9051
9051 9052
9052 9053
9053 9054
9054 9055
9055 9056
9056 9057
9057 9058
9058 9059
9059 9060
9060 9061
9061 9062
9062 9063
9063 9064
9064 9065
9065 9066
9066 9067
9067 9068
9068 9069
9069 9070
9070 9071
9071 9072
9072 9073
9073 9074
9074 9075
9075 9076
9076 9077
9077 9078
9078 9079
9079 9080
9080 9081
9081 9082
9082 9083
9083 9084
9084 9085
9085 9086
9086 9087
9087 9088
9088 9089
9089 9090
9090 9091
9091 9092
9092 9093
9093 9094
9094 9095
9095 9096
9096 9097
9097 9098
9098 9099
9099 9100
9100 9101
9101 9102
9102 9103
9103 9104
9104 9105
9105 9106
9106 9107
9107 9108
9108 9109
9109 9110
9110 9111
9111 9112
9112 9113
9113 9114
9114 9115
9115 9116
9116 9117
9117 9118
9118 9119
9119 9120
9120 9121
9121 9122
9122 9123
9123 9124
9124 9125
9125 9126
9126 9127
9127 9128
9128 9129
9129 9130
9130 9131
9131 9132
9132 9133
9133 9134
9134 9135
9135 9136
9136 9137
9137 9138
9138 9139
9139 9140
9140 9141
9141 9142
9142 9143
9143 9144
9144 9145
9145 9146
9146 9147
9147 9148
9148 9149
9149 9150
9150 9151
9151 9152
9152 9153
9153 9154
9154 9155
9155 9156
9156 9157
9157 9158
9158 9159
9159 9160
9160 9161
9161 9162
9162 9163
9163 9164
9164 9165
9165 9166
9166 9167
9167 9168
9168 9169
9169 9170
9170 9171
9171 9172
9172 9173
9173 9174
9174 9175
9175 9176
9176 9177
9177 9178
9178 9179
9179 9180
9180 9181
9181 9182
9182 9183
9183 9184
9184 9185
9185 9186
9186 9187
9187 9188
9188 9189
9189 9190
9190 9191
9191 9192
9192 9193
9193 9194
9194 9195
9195 9196
9196 9197
9197 9198
9198 9199
9199 9200
9200 9201
9201 9202
9202 9203
9203 9204
9204 9205
9205 9206
9206 9207
9207 9208
9208 9209
9209 9210
9210 9211
9211 9212
9212 9213
9213 9214
9214 9215
9215 9216
9216 9217
9217 9218
9218 9219
9219 9220
9220 9221
9221 9222
9222 9223
9223 9224
9224 9225
9225 9226
9226 9227
9227 9228
9228 9229
9229 9230
9230 9231
9231 9232
9232 9233
9233 9234
9234 9235
9235 9236
9236 9237
9237 9238
9238 9239
9239 9240
9240 9241
9241 9242
9242 9243
9243 9244
9244 9245
9245 9246
9246 9247
9247 9248
9248 9249
9249 9250
9250 9251
9251 9252
9252 9253
9253 9254
9254 9255
9255 9256
9256 9257
9257 9258
9258 9259
9259 9260
9260 9261
9261 9262
9262 9263
9263 9264
9264 9265
9265 9266
9266 9267
9267 9268
9268 9269
9269 9270
9270 9271
9271 9272
9272 9273
9273 9274
9274 9275
9275 9276
9276 9277
9277 9278
9278 9279
9279 9280
9280 9281
9281 9282
9282 9283
9283 9284
9284 9285
9285 9286
9286 9287
9287 9288
9288 9289
9289 9290
9290 9291
9291 9292
9292 9293
9293 9294
9294 9295
9295 9296
9296 9297
9297 9298
9298 9299
9299 9300
9300 9301
9301 9302
9302 9303
9303 9304
9304 9305
9305 9306
9306 9307
9307 9308
9308 9309
9309 9310
9310 9311
9311 9312
9312 9313
9313 9314
9314 9315
9315 9316
9316 9317
9317 9318
9318 9319
9319 9320
9320 9321
9321 9322
9322 9323
9323 9324
9324 9325
9325 9326
9326 9327
9327 9328
9328 9329
9329 9330
9330 9331
9331 9332
9332 9333
9333 9334
9334 9335
9335 9336
9336 9337
9337 9338
9338 9339
9339 9340
9340 9341
9341 9342
9342 9343
9343 9344
9344 9345
9345 9346
9346 9347
9347 9348
9348 9349
9349 9350
9350 9351
9351 9352
9352 9353
9353 9354
9354 9355
9355 9356
9356 9357
9357 9358
9358 9359
9359 9360
9360 9361
9361 9362
9362 9363
9363 9364
9364 9365
9365 9366
9366 9367
9367 9368
9368 9369
9369 9370
9370 9371
9371 9372
9372 9373
9373 9374
9374 9375
9375 9376
9376 9377
9377 9378
9378 9379
9379 9380
9380 9381
9381 9382
9382 9383
9383 9384
9384 9385
9385 9386
9386 9387
9387 9388
9388 9389
9389 9390
9390 9391
9391 9392
9392 9393
9393 9394
9394 9395
9395 9396
9396 9397
9397 9398
9398 9399
9399 9400
9400 9401
9401 9402
9402 9403
9403 9404
9404 9405
9405 9406
9406 9407
9407 9408
9408 9409
9409 9410
9410 9411
9411 9412
9412 9413
9413 9414
9414 9415
9415 9416
9416 9417
9417 9418
9418 9419
9419 9420
9420 9421
9421 9422
9422 9423
9423 9424
9424 9425
9425 9426
9426 9427
9427 9428
9428 9429
9429 9430
9430 9431
9431 9432
9432 9433
9433 9434
9434 9435
9435 9436
9436 9437
9437 9438
9438 9439
9439 9440
9440 9441
9441 9442
9442 9443
9443 9444
9444 9445
9445 9446
9446 9447
9447 9448
9448 9449
9449 9450
9450 9451
9451 9452
9452 9453
9453 9454
9454 9455
9455 9456
9456 9457
9457 9458
9458 9459
9459 9460
9460 9461
9461 9462
9462 9463
9463 9464
9464 9465
9465 9466
9466 9467
9467 9468
9468 9469
9469 9470
9470 9471
9471 9472
9472 9473
9473 9474
9474 9475
9475 9476
9476 9477
9477 9478
9478 9479
9479 9480
9480 9481
9481 9482
9482 9483
9483 9484
9484 9485
9485 9486
9486 9487
9487 9488
9488 9489
9489 9490
9490 9491
9491 9492
9492 9493
9493 9494
9494 9495
9495 9496
9496 9497
9497 9498
9498 9499
9499 9500
9500 9501
9501 9502
9502 9503
9503 9504
9504 9505
9505 9506
9506 9507
9507 9508
9508 9509
9509 9510
9510 9511
9511 9512
9512 9513
9513 9514
9514 9515
9515 9516
9516 9517
9517 9518
9518 9519
9519 9520
9520 9521
9521 9522
9522 9523
9523 9524
9524 9525
9525 9526
9526 9527
9527 9528
9528 9529
9529 9530
9530 9531
9531 9532
9532 9533
9533 9534
9534 9535
9535 9536
9536 9537
9537 9538
9538 9539
9539 9540
9540 9541
9541 9542
9542 9543
9543 9544
9544 9545
9545 9546
9546 9547
9547 9548
9548 9549
9549 9550
9550 9551
9551 9552
9552 9553
9553 9554
9554 9555
9555 9556
9556 9557
9557 9558
9558 9559
9559 9560
9560 9561
9561 9562
9562 9563
9563 9564
9564 9565
9565 9566
9566 9567
9567 9568
9568 9569
9569 9570
9570 9571
9571 9572
9572 9573
9573 9574
9574 9575
9575 9576
9576 9577
9577 9578
9578 9579
9579 9580
9580 9581
9581 9582
9582 9583
9583 9584
9584 9585
9585 9586
9586 9587
9587 9588
9588 9589
9589 9590
9590 9591
9591 9592
9592 9593
9593 9594
9594 9595
9595 9596
9596 9597
9597 9598
9598 9599
9599 9600
9600 9601
9601 9602
9602 9603
9603 9604
9604 9605
9605 9606
9606 9607
9607 9608
9608 9609
9609 9610
9610 9611
9611 9612
9612 9613
9613 9614
9614 9615
9615 9616
9616 9617
9617 9618
9618 9619
9619 9620
9620 9621
9621 9622
9622 9623
9623 9624
9624 9625
9625 9626
9626 9627
9627 9628
9628 9629
9629 9630
9630 9631
9631 9632
9632 9633
9633 9634
9634 9635
9635 9636
9636 9637
9637 9638
9638 9639
9639 9640
9640 9641
9641 9642
9642 9643
9643 9644
9644 9645
9645 9646
9646 9647
9647 9648
9648 9649
9649 9650
9650 9651
9651 9652
9652 9653
9653 9654
9654 9655
9655 9656
9656 9657
9657 9658
9658 9659
9659 9660
9660 9661
9661 9662
9662 9663
9663 9664
9664 9665
9665 9666
9666 9667
9667 9668
9668 9669
9669 9670
9670 9671
9671 9672
9672 9673
9673 9674
9674 9675
9675 9676
9676 9677
9677 9678
9678 9679
9679 9680
9680 9681
9681 9682
9682 9683
9683 9684
9684 9685
9685 9686
9686 9687
9687 9688
9688 9689
9689 9690
9690 9691
9691 9692
9692 9693
9693 9694
9694 9695
9695 9696
9696 9697
9697 9698
9698 9699
9699 9700
9700 9701
9701 9702
9702 9703
9703 9704
9704 9705
9705 9706
9706 9707
9707 9708
9708 9709
9709 9710
9710 9711
9711 9712
9712 9713
9713 9714
9714 9715
9715 9716
9716 9717
9717 9718
9718 9719
9719 9720
9720 9721
9721 9722
9722 9723
9723 9724
9724 9725
9725 9726
9726 9727
9727 9728
9728 9729
9729 9730
9730 9731
9731 9732
9732 9733
9733 9734
9734 9735
9735 9736
9736 9737
9737 9738
9738 9739
9739 9740
9740 9741
9741 9742
9742 9743
9743 9744
9744 9745
9745 9746
9746 9747
9747 9748
9748 9749
9749 9750
9750 9751
9751 9752
9752 9753
9753 9754
9754 9755
9755 9756
9756 9757
9757 9758
9758 9759
9759 9760
9760 9761
9761 9762
9762 9763
9763 9764
9764 9765
9765 9766
9766 9767
9767 9768
9768 9769
9769 9770
9770 9771
9771 9772
9772 9773
9773 9774
9774 9775
9775 9776
9776 9777
9777 9778
9778 9779
9779 9780
9780 9781
9781 9782
9782 9783
9783 9784
9784 9785
9785 9786
9786 9787
9787 9788
9788 9789
9789 9790
9790 9791
9791 9792
9792 9793
9793 9794
9794 9795
9795 9796
9796 9797
9797 9798
9798 9799
9799 9800
9800 9801
9801 9802
9802 9803
9803 9804
9804 9805
9805 9806
9806 9807
9807 9808
9808 9809
9809 9810
9810 9811
9811 9812
9812 9813
9813 9814
9814 9815
9815 9816
9816 9817
9817 9818
9818 9819
9819 9820
9820 9821
9821 9822
9822 9823
9823 9824
9824 9825
9825 9826
9826 9827
9827 9828
9828 9829
9829 9830
9830 9831
9831 9832
9832 9833
9833 9834
9834 9835
9835 9836
9836 9837
9837 9838
9838 9839
9839 9840
9840 9841
9841 9842
9842 9843
9843 9844
9844 9845
9845 9846
9846 9847
9847 9848
9848 9849
9849 9850
9850 9851
9851 9852
9852 9853
9853 9854
9854 9855
9855 9856
9856 9857
9857 9858
9858 9859
9859 9860
9860 9861
9861 9862
9862 9863
9863 9864
9864 9865
9865 9866
9866 9867
9867 9868
9868 9869
9869 9870
9870 9871
9871 9872
9872 9873
9873 9874
9874 9875
9875 9876
9876 9877
9877 9878
9878 9879
9879 9880
9880 9881
9881 9882
9882 9883
9883 9884
9884 9885
9885 9886
9886 9887
9887 9888
9888 9889
9889 9890
9890 9891
9891 9892
9892 9893
9893 9894
9894 9895
9895 9896
9896 9897
9897 9898
9898 9899
9899 9900
9900 9901
9901 9902
9902 9903
9903 9904
9904 9905
9905 9906
9906 9907
9907 9908
9908 9909
9909 9910
9910 9911
9911 9912
9912 9913
9913 9914
9914 9915
9915 9916
9916 9917
9917 9918
9918 9919
9919 9920
9920 9921
9921 9922
9922 9923
9923 9924
9924 9925
9925 9926
9926 9927
9927 9928
9928 9929
9929 9930
9930 9931
9931 9932
9932 9933
9933 9934
9934 9935
9935 9936
9936 9937
9937 9938
9938 9939
9939 9940
9940 9941
9941 9942
9942 9943
9943 9944
9944 9945
9945 9946
9946 9947
9947 9948
9948 9949
9949 9950
9950 9951
9951 9952
9952 9953
9953 9954
9954 9955
9955 9956
9956 9957
9957 9958
9958 9959
9959 9960
9960 9961
9961 9962
9962 9963
9963 9964
9964 9965
9965 9966
9966 9967
9967 9968
9968 9969
9969 9970
9970 9971
9971 9972
9972 9973
9973 9974
9974 9975
9975 9976
9976 9977
9977 9978
9978 9979
9979 9980
9980 9981
9981 9982
9982 9983
9983 9984
9984 9985
9985 9986
9986 9987
9987 9988
9988 9989
9989 9990
9990 9991
9991 9992
9992 9993
9993 9994
9994 9995
9995 9996
9996 9997
9997 9998
9998 9999
9999 9998
9998 9997
9997 9996
9996 9995
9995 9994
9994 9993
9993 9992
9992 9991
9991 9990
9990 9989
9989 9988
9988 9987
9987 9986
9986 9985
9985 9984
9984 9983
9983 9982
9982 9981
9981 9980
9980 9979
9979 9978
9978 9977
9977 9976
9976 9975
9975 9974
9974 9973
9973 9972
9972 9971
9971 9970
9970 9969
9969 9968
9968 9967
9967 9966
9966 9965
9965 9964
9964 9963
9963 9962
9962 9961
9961 9960
9960 9959
9959 9958
9958 9957
9957 9956
9956 9955
9955 9954
9954 9953
9953 9952
9952 9951
9951 9950
9950 9949
9949 9948
9948 9947
9947 9946
9946 9945
9945 9944
9944 9943
9943 9942
9942 9941
9941 9940
9940 9939
9939 9938
9938 9937
9937 9936
9936 9935
9935 9934
9934 9933
9933 9932
9932 9931
9931 9930
9930 9929
9929 9928
9928 9927
9927 9926
9926 9925
9925 9924
9924 9923
9923 9922
9922 9921
9921 9920
9920 9919
9919 9918
9918 9917
9917 9916
9916 9915
9915 9914
9914 9913
9913 9912
9912 9911
9911 9910
9910 9909
9909 9908
9908 9907
9907 9906
9906 9905
9905 9904
9904 9903
9903 9902
9902 9901
9901 9900
9900 9899
9899 9898
9898 9897
9897 9896
9896 9895
9895 9894
9894 9893
9893 9892
9892 9891
9891 9890
9890 9889
9889 9888
9888 9887
9887 9886
9886 9885
9885 9884
9884 9883
9883 9882
9882 9881
9881 9880
9880 9879
9879 9878
9878 9877
9877 9876
9876 9875
9875 9874
9874 9873
9873 9872
9872 9871
9871 9870
9870 9869
9869 9868
9868 9867
9867 9866
9866 9865
9865 9864
9864 9863
9863 9862
9862 9861
9861 9860
9860 9859
9859 9858
9858 9857
9857 9856
9856 9855
9855 9854
9854 9853
9853 9852
9852 9851
9851 9850
9850 9849
9849 9848
9848 9847
9847 9846
9846 9845
9845 9844
9844 9843
9843 9842
9842 9841
9841 9840
9840 9839
9839 9838
9838 9837
9837 9836
9836 9835
9835 9834
9834 9833
9833 9832
9832 9831
9831 9830
9830 9829
9829 9828
9828 9827
9827 9826
9826 9825
9825 9824
9824 9823
9823 9822
9822 9821
9821 9820
9820 9819
9819 9818
9818 9817
9817 9816
9816 9815
9815 9814
9814 9813
9813 9812
9812 9811
9811 9810
9810 9809
9809 9808
9808 9807
9807 9806
9806 9805
9805 9804
9804 9803
9803 9802
9802 9801
9801 9800
9800 9799
9799 9798
9798 9797
9797 9796
9796 9795
9795 9794
9794 9793
9793 9792
9792 9791
9791 9790
9790 9789
9789 9788
9788 9787
9787 9786
9786 9785
9785 9784
9784 9783
9783 9782
9782 9781
9781 9780
9780 9779
9779 9778
9778 9777
9777 9776
9776 9775
9775 9774
9774 9773
9773 9772
9772 9771
9771 9770
9770 9769
9769 9768
9768 9767
9767 9766
9766 9765
9765 9764
9764 9763
9763 9762
9762 9761
9761 9760
9760 9759
9759 9758
9758 9757
9757 9756
9756 9755
9755 9754
9754 9753
9753 9752
9752 9751
9751 9750
9750 9749
9749 9748
9748 9747
9747 9746
9746 9745
9745 9744
9744 9743
9743 9742
9742 9741
9741 9740
9740 9739
9739 9738
9738 9737
9737 9736
9736 9735
9735 9734
9734 9733
9733 9732
9732 9731
9731 9730
9730 9729
9729 9728
9728 9727
9727 9726
9726 9725
9725 9724
9724 9723
9723 9722
9722 9721
9721 9720
9720 9719
9719 9718
9718 9717
9717 9716
9716 9715
9715 9714
9714 9713
9713 9712
9712 9711
9711 9710
9710 9709
9709 9708
9708 9707
9707 9706
9706 9705
9705 9704
9704 9703
9703 9702
9702 9701
9701 9700
9700 9699
9699 9698
9698 9697
9697 9696
9696 9695
9695 9694
9694 9693
9693 9692
9692 9691
9691 9690
9690 9689
9689 9688
9688 9687
9687 9686
9686 9685
9685 9684
9684 9683
9683 9682
9682 9681
9681 9680
9680 9679
9679 9678
9678 9677
9677 9676
9676 9675
9675 9674
9674 9673
9673 9672
9672 9671
9671 9670
9670 9669
9669 9668
9668 9667
9667 9666
9666 9665
9665 9664
9664 9663
9663 9662
9662 9661
9661 9660
9660 9659
9659 9658
9658 9657
9657 9656
9656 9655
9655 9654
9654 9653
9653 9652
9652 9651
9651 9650
9650 9649
9649 9648
9648 9647
9647 9646
9646 9645
9645 9644
9644 9643
9643 9642
9642 9641
9641 9640
9640 9639
9639 9638
9638 9637
9637 9636
9636 9635
9635 9634
9634 9633
9633 9632
9632 9631
9631 9630
9630 9629
9629 9628
9628 9627
9627 9626
9626 9625
9625 9624
9624 9623
9623 9622
9622 9621
9621 9620
9620 9619
9619 9618
9618 9617
9617 9616
9616 9615
9615 9614
9614 9613
9613 9612
9612 9611
9611 9610
9610 9609
9609 9608
9608 9607
9607 9606
9606 9605
9605 9604
9604 9603
9603 9602
9602 9601
9601 9600
9600 9599
9599 9598
9598 9597
9597 9596
9596 9595
9595 9594
9594 9593
9593 9592
9592 9591
9591 9590
9590 9589
9589 9588
9588 9587
9587 9586
9586 9585
9585 9584
9584 9583
9583 9582
9582 9581
9581 9580
9580 9579
9579 9578
9578 9577
9577 9576
9576 9575
9575 9574
9574 9573
9573 9572
9572 9571
9571 9570
9570 9569
9569 9568
9568 9567
9567 9566
9566 9565
9565 9564
9564 9563
9563 9562
9562 9561
9561 9560
9560 9559
9559 9558
9558 9557
9557 9556
9556 9555
9555 9554
9554 9553
9553 9552
9552 9551
9551 9550
9550 9549
9549 9548
9548 9547
9547 9546
9546 9545
9545 9544
9544 9543
9543 9542
9542 9541
9541 9540
9540 9539
9539 9538
9538 9537
9537 9536
9536 9535
9535 9534
9534 9533
9533 9532
9532 9531
9531 9530
9530 9529
9529 9528
9528 9527
9527 9526
9526 9525
9525 9524
9524 9523
9523 9522
9522 9521
9521 9520
9520 9519
9519 9518
9518 9517
9517 9516
9516 9515
9515 9514
9514 9513
9513 9512
9512 9511
9511 9510
9510 9509
9509 9508
9508 9507
9507 9506
9506 9505
9505 9504
9504 9503
9503 9502
9502 9501
9501 9500
9500 9499
9499 9498
9498 9497
9497 9496
9496 9495
9495 9494
9494 9493
9493 9492
9492 9491
9491 9490
9490 9489
9489 9488
9488 9487
9487 9486
9486 9485
9485 9484
9484 9483
9483 9482
9482 9481
9481 9480
9480 9479
9479 9478
9478 9477
9477 9476
9476 9475
9475 9474
9474 9473
9473 9472
9472 9471
9471 9470
9470 9469
9469 9468
9468 9467
9467 9466
9466 9465
9465 9464
9464 9463
9463 9462
9462 9461
9461 9460
9460 9459
9459 9458
9458 9457
9457 9456
9456 9455
9455 9454
9454 9453
9453 9452
9452 9451
9451 9450
9450 9449
9449 9448
9448 9447
9447 9446
9446 9445
9445 9444
9444 9443
9443 9442
9442 9441
9441 9440
9440 9439
9439 9438
9438 9437
9437 9436
9436 9435
9435 9434
9434 9433
9433 9432
9432 9431
9431 9430
9430 9429
9429 9428
9428 9427
9427 9426
9426 9425
9425 9424
9424 9423
9423 9422
9422 9421
9421 9420
9420 9419
9419 9418
9418 9417
9417 9416
9416 9415
9415 9414
9414 9413
9413 9412
9412 9411
9411 9410
9410 9409
9409 9408
9408 9407
9407 9406
9406 9405
9405 9404
9404 9403
9403 9402
9402 9401
9401 9400
9400 9399
9399 9398
9398 9397
9397 9396
9396 9395
9395 9394
9394 9393
9393 9392
9392 9391
9391 9390
9390 9389
9389 9388
9388 9387
9387 9386
9386 9385
9385 9384
9384 9383
9383 9382
9382 9381
9381 9380
9380 9379
9379 9378
9378 9377
9377 9376
9376 9375
9375 9374
9374 9373
9373 9372
9372 9371
9371 9370
9370 9369
9369 9368
9368 9367
9367 9366
9366 9365
9365 9364
9364 9363
9363 9362
9362 9361
9361 9360
9360 9359
9359 9358
9358 9357
9357 9356
9356 9355
9355 9354
9354 9353
9353 9352
9352 9351
9351 9350
9350 9349
9349 9348
9348 9347
9347 9346
9346 9345
9345 9344
9344 9343
9343 9342
9342 9341
9341 9340
9340 9339
9339 9338
9338 9337
9337 9336
9336 9335
9335 9334
9334 9333
9333 9332
9332 9331
9331 9330
9330 9329
9329 9328
9328 9327
9327 9326
9326 9325
9325 9324
9324 9323
9323 9322
9322 9321
9321 9320
9320 9319
9319 9318
9318 9317
9317 9316
9316 9315
9315 9314
9314 9313
9313 9312
9312 9311
9311 9310
9310 9309
9309 9308
9308 9307
9307 9306
9306 9305
9305 9304
9304 9303
9303 9302
9302 9301
9301 9300
9300 9299
9299 9298
9298 9297
9297 9296
9296 9295
9295 9294
9294 9293
9293 9292
9292 9291
9291 9290
9290 9289
9289 9288
9288 9287
9287 9286
9286 9285
9285 9284
9284 9283
9283 9282
9282 9281
9281 9280
9280 9279
9279 9278
9278 9277
9277 9276
9276 9275
9275 9274
9274 9273
9273 9272
9272 9271
9271 9270
9270 9269
9269 9268
9268 9267
9267 9266
9266 9265
9265 9264
9264 9263
9263 9262
9262 9261
9261 9260
9260 9259
9259 9258
9258 9257
9257 9256
9256 9255
9255 9254
9254 9253
9253 9252
9252 9251
9251 9250
9250 9249
9249 9248
9248 9247
9247 9246
9246 9245
9245 9244
9244 9243
9243 9242
9242 9241
9241 9240
9240 9239
9239 9238
9238 9237
9237 9236
9236 9235
9235 9234
9234 9233
9233 9232
9232 9231
9231 9230
9230 9229
9229 9228
9228 9227
9227 9226
9226 9225
9225 9224
9224 9223
9223 9222
9222 9221
9221 9220
9220 9219
9219 9218
9218 9217
9217 9216
9216 9215
9215 9214
9214 9213
9213 9212
9212 9211
9211 9210
9210 9209
9209 9208
9208 9207
9207 9206
9206 9205
9205 9204
9204 9203
9203 9202
9202 9201
9201 9200
9200 9199
9199 9198
9198 9197
9197 9196
9196 9195
9195 9194
9194 9193
9193 9192
9192 9191
9191 9190
9190 9189
9189 9188
9188 9187
9187 9186
9186 9185
9185 9184
9184 9183
9183 9182
9182 9181
9181 9180
9180 9179
9179 9178
9178 9177
9177 9176
9176 9175
9175 9174
9174 9173
9173 9172
9172 9171
9171 9170
9170 9169
9169 9168
9168 9167
9167 9166
9166 9165
9165 9164
9164 9163
9163 9162
9162 9161
9161 9160
9160 9159
9159 9158
9158 9157
9157 9156
9156 9155
9155 9154
9154 9153
9153 9152
9152 9151
9151 9150
9150 9149
9149 9148
9148 9147
9147 9146
9146 9145
9145 9144
9144 9143
9143 9142
9142 9141
9141 9140
9140 9139
9139 9138
9138 9137
9137 9136
9136 9135
9135 9134
9134 9133
9133 9132
9132 9131
9131 9130
9130 9129
9129 9128
9128 9127
9127 9126
9126 9125
9125 9124
9124 9123
9123 9122
9122 9121
9121 9120
9120 9119
9119 9118
9118 9117
9117 9116
9116 9115
9115 9114
9114 9113
9113 9112
9112 9111
9111 9110
9110 9109
9109 9108
9108 9107
9107 9106
9106 9105
9105 9104
9104 9103
9103 9102
9102 9101
9101 9100
9100 9099
9099 9098
9098 9097
9097 9096
9096 9095
9095 9094
9094 9093
9093 9092
9092 9091
9091 9090
9090 9089
9089 9088
9088 9087
9087 9086
9086 9085
9085 9084
9084 9083
9083 9082
9082 9081
9081 9080
9080 9079
9079 9078
9078 9077
9077 9076
9076 9075
9075 9074
9074 9073
9073 9072
9072 9071
9071 9070
9070 9069
9069 9068
9068 9067
9067 9066
9066 9065
9065 9064
9064 9063
9063 9062
9062 9061
9061 9060
9060 9059
9059 9058
9058 9057
9057 9056
9056 9055
9055 9054
9054 9053
9053 9052
9052 9051
9051 9050
9050 9049
9049 9048
9048 9047
9047 9046
9046 9045
9045 9044
9044 9043
9043 9042
9042 9041
9041 9040
9040 9039
9039 9038
9038 9037
9037 9036
9036 9035
9035 9034
9034 9033
9033 9032
9032 9031
9031 9030
9030 9029
9029 9028
9028 9027
9027 9026
9026 9025
9025 9024
9024 9023
9023 9022
9022 9021
9021 9020
9020 9019
9019 9018
9018 9017
9017 9016
9016 9015
9015 9014
9014 9013
9013 9012
9012 9011
9011 9010
9010 9009
9009 9008
9008 9007
9007 9006
9006 9005
9005 9004
9004 9003
9003 9002
9002 9001
9001 10000
9002 10000
9003 10000
9004 10000
9005 10000
9006 10000
9007 10000
9008 10000
9009 10000
9010 10000
9011 10000
9012 10000
9013 10000
9014 10000
9015 10000
9016 10000
9017 10000
9018 10000
9019 10000
9020 10000
9021 10000
9022 10000
9023 10000
9024 10000
9025 10000
9026 10000
9027 10000
9028 10000
9029 10000
9030 10000
9031 10000
9032 10000
9033 10000
9034 10000
9035 10000
9036 10000
9037 10000
9038 10000
9039 10000
9040 10000
9041 10000
9042 10000
9043 10000
9044 10000
9045 10000
9046 10000
9047 10000
9048 10000
9049 10000
9050 10000
9051 10000
9052 10000
9053 10000
9054 10000
9055 10000
9056 10000
9057 10000
9058 10000
9059 10000
9060 10000
9061 10000
9062 10000
9063 10000
9064 10000
9065 10000
9066 10000
9067 10000
9068 10000
9069 10000
9070 10000
9071 10000
9072 10000
9073 10000
9074 10000
9075 10000
9076 10000
9077 10000
9078 10000
9079 10000
9080 10000
9081 10000
9082 10000
9083 10000
9084 10000
9085 10000
9086 10000
9087 10000
9088 10000
9089 10000
9090 10000
9091 10000
9092 10000
9093 10000
9094 10000
9095 10000
9096 10000
9097 10000
9098 10000
9099 10000
9100 10000
9101 10000
9102 10000
9103 10000
9104 10000
9105 10000
9106 10000
9107 10000
9108 10000
9109 10000
9110 10000
9111 10000
9112 10000
9113 10000
9114 10000
9115 10000
9116 10000
9117 10000
9118 10000
9119 10000
9120 10000
9121 10000
9122 10000
9123 10000
9124 10000
9125 10000
9126 10000
9127 10000
9128 10000
9129 10000
9130 10000
9131 10000
9132 10000
9133 10000
9134 10000
9135 10000
9136 10000
9137 10000
9138 10000
9139 10000
9140 10000
9141 10000
9142 10000
9143 10000
9144 10000
9145 10000
9146 10000
9147 10000
9148 10000
9149 10000
9150 10000
9151 10000
9152 10000
9153 10000
9154 10000
9155 10000
9156 10000
9157 10000
9158 10000
9159 10000
9160 10000
9161 10000
9162 10000
9163 10000
9164 10000
9165 10000
9166 10000
9167 10000
9168 10000
9169 10000
9170 10000
9171 10000
9172 10000
9173 10000
9174 10000
9175 10000
9176 10000
9177 10000
9178 10000
9179 10000
9180 10000
9181 10000
9182 10000
9183 10000
9184 10000
9185 10000
9186 10000
9187 10000
9188 10000
9189 10000
9190 10000
9191 10000
9192 10000
9193 10000
9194 10000
9195 10000
9196 10000
9197 10000
9198 10000
9199 10000
9200 10000
9201 10000
9202 10000
9203 10000
9204 10000
9205 10000
9206 10000
9207 10000
9208 10000
9209 10000
9210 10000
9211 10000
9212 10000
9213 10000
9214 10000
9215 10000
9216 10000
9217 10000
9218 10000
9219 10000
9220 10000
9221 10000
9222 10000
9223 10000
9224 10000
9225 10000
9226 10000
9227 10000
9228 10000
9229 10000
9230 10000
9231 10000
9232 10000
9233 10000
9234 10000
9235 10000
9236 10000
9237 10000
9238 10000
9239 10000
9240 10000
9241 10000
9242 10000
9243 10000
9244 10000
9245 10000
9246 10000
9247 10000
9248 10000
9249 10000
9250 10000
9251 10000
9252 10000
9253 10000
9254 10000
9255 10000
9256 10000
9257 10000
9258 10000
9259 10000
9260 10000
9261 10000
9262 10000
9263 10000
9264 10000
9265 10000
9266 10000
9267 10000
9268 10000
9269 10000
9270 10000
9271 10000
9272 10000
9273 10000
9274 10000
9275 10000
9276 10000
9277 10000
9278 10000
9279 10000
9280 10000
9281 10000
9282 10000
9283 10000
9284 10000
9285 10000
9286 10000
9287 10000
9288 10000
9289 10000
9290 10000
9291 10000
9292 10000
9293 10000
9294 10000
9295 10000
9296 10000
9297 10000
9298 10000
9299 10000
9300 10000
9301 10000
9302 10000
9303 10000
9304 10000
9305 10000
9306 10000
9307 10000
9308 10000
9309 10000
9310 10000
9311 10000
9312 10000
9313 10000
9314 10000
9315 10000
9316 10000
9317 10000
9318 10000
9319 10000
9320 10000
9321 10000
9322 10000
9323 10000
9324 10000
9325 10000
9326 10000
9327 10000
9328 10000
9329 10000
9330 10000
9331 10000
9332 10000
9333 10000
9334 10000
9335 10000
9336 10000
9337 10000
9338 10000
9339 10000
9340 10000
9341 10000
9342 10000
9343 10000
9344 10000
9345 10000
9346 10000
9347 10000
9348 10000
9349 10000
9350 10000
9351 10000
9352 10000
9353 10000
9354 10000
9355 10000
9356 10000
9357 10000
9358 10000
9359 10000
9360 10000
9361 10000
9362 10000
9363 10000
9364 10000
9365 10000
9366 10000
9367 10000
9368 10000
9369 10000
9370 10000
9371 10000
9372 10000
9373 10000
9374 10000
9375 10000
9376 10000
9377 10000
9378 10000
9379 10000
9380 10000
9381 10000
9382 10000
9383 10000
9384 10000
9385 10000
9386 10000
9387 10000
9388 10000
9389 10000
9390 10000
9391 10000
9392 10000
9393 10000
9394 10000
9395 10000
9396 10000
9397 10000
9398 10000
9399 10000
9400 10000
9401 10000
9402 10000
9403 10000
9404 10000
9405 10000
9406 10000
9407 10000
9408 10000
9409 10000
9410 10000
9411 10000
9412 10000
9413 10000
9414 10000
9415 10000
9416 10000
9417 10000
9418 10000
9419 10000
9420 10000
9421 10000
9422 10000
9423 10000
9424 10000
9425 10000
9426 10000
9427 10000
9428 10000
9429 10000
9430 10000
9431 10000
9432 10000
9433 10000
9434 10000
9435 10000
9436 10000
9437 10000
9438 10000
9439 10000
9440 10000
9441 10000
9442 10000
9443 10000
9444 10000
9445 10000
9446 10000
9447 10000
9448 10000
9449 10000
9450 10000
9451 10000
9452 10000
9453 10000
9454 10000
9455 10000
9456 10000
9457 10000
9458 10000
9459 10000
9460 10000
9461 10000
9462 10000
9463 10000
9464 10000
9465 10000
9466 10000
9467 10000
9468 10000
9469 10000
9470 10000
9471 10000
9472 10000
9473 10000
9474 10000
9475 10000
9476 10000
9477 10000
9478 10000
9479 10000
9480 10000
9481 10000
9482 10000
9483 10000
9484 10000
9485 10000
9486 10000
9487 10000
9488 10000
9489 10000
9490 10000
9491 10000
9492 10000
9493 10000
9494 10000
9495 10000
9496 10000
9497 10000
9498 10000
9499 10000
9500 10000
9501 10000
9502 10000
9503 10000
9504 10000
9505 10000
9506 10000
9507 10000
9508 10000
9509 10000
9510 10000
9511 10000
9512 10000
9513 10000
9514 10000
9515 10000
9516 10000
9517 10000
9518 10000
9519 10000
9520 10000
9521 10000
9522 10000
9523 10000
9524 10000
9525 10000
9526 10000
9527 10000
9528 10000
9529 10000
9530 10000
9531 10000
9532 10000
9533 10000
9534 10000
9535 10000
9536 10000
9537 10000
9538 10000
9539 10000
9540 10000
9541 10000
9542 10000
9543 10000
9544 10000
9545 10000
9546 10000
9547 10000
9548 10000
9549 10000
9550 10000
9551 10000
9552 10000
9553 10000
9554 10000
9555 10000
9556 10000
9557 10000
9558 10000
9559 10000
9560 10000
9561 10000
9562 10000
9563 10000
9564 10000
9565 10000
9566 10000
9567 10000
9568 10000
9569 10000
9570 10000
9571 10000
9572 10000
9573 10000
9574 10000
9575 10000
9576 10000
9577 10000
9578 10000
9579 10000
9580 10000
9581 10000
9582 10000
9583 10000
9584 10000
9585 10000
9586 10000
9587 10000
9588 10000
9589 10000
9590 10000
9591 10000
9592 10000
9593 10000
9594 10000
9595 10000
9596 10000
9597 10000
9598 10000
9599 10000
9600 10000
9601 10000
9602 10000
9603 10000
9604 10000
9605 10000
9606 10000
9607 10000
9608 10000
9609 10000
9610 10000
9611 10000
9612 10000
9613 10000
9614 10000
9615 10000
9616 10000
9617 10000
9618 10000
9619 10000
9620 10000
9621 10000
9622 10000
9623 10000
9624 10000
9625 10000
9626 10000
9627 10000
9628 10000
9629 10000
9630 10000
9631 10000
9632 10000
9633 10000
9634 10000
9635 10000
9636 10000
9637 10000
9638 10000
9639 10000
9640 10000
9641 10000
9642 10000
9643 10000
9644 10000
9645 10000
9646 10000
9647 10000
9648 10000
9649 10000
9650 10000
9651 10000
9652 10000
9653 10000
9654 10000
9655 10000
9656 10000
9657 10000
9658 10000
9659 10000
9660 10000
9661 10000
9662 10000
9663 10000
9664 10000
9665 10000
9666 10000
9667 10000
9668 10000
9669 10000
9670 10000
9671 10000
9672 10000
9673 10000
9674 10000
9675 10000
9676 10000
9677 10000
9678 10000
9679 10000
9680 10000
9681 10000
9682 10000
9683 10000
9684 10000
9685 10000
9686 10000
9687 10000
9688 10000
9689 10000
9690 10000
9691 10000
9692 10000
9693 10000
9694 10000
9695 10000
9696 10000
9697 10000
9698 10000
9699 10000
9700 10000
9701 10000
9702 10000
9703 10000
9704 10000
9705 10000
9706 10000
9707 10000
9708 10000
9709 10000
9710 10000
9711 10000
9712 10000
9713 10000
9714 10000
9715 10000
9716 10000
9717 10000
9718 10000
9719 10000
9720 10000
9721 10000
9722 10000
9723 10000
9724 10000
9725 10000
9726 10000
9727 10000
9728 10000
9729 10000
9730 10000
9731 10000
9732 10000
9733 10000
9734 10000
9735 10000
9736 10000
9737 10000
9738 10000
9739 10000
9740 10000
9741 10000
9742 10000
9743 10000
9744 10000
9745 10000
9746 10000
9747 10000
9748 10000
9749 10000
9750 10000
9751 10000
9752 10000
9753 10000
9754 10000
9755 10000
9756 10000
9757 10000
9758 10000
9759 10000
9760 10000
9761 10000
9762 10000
9763 10000
9764 10000
9765 10000
9766 10000
9767 10000
9768 10000
9769 10000
9770 10000
9771 10000
9772 10000
9773 10000
9774 10000
9775 10000
9776 10000
9777 10000
9778 10000
9779 10000
9780 10000
9781 10000
9782 10000
9783 10000
9784 10000
9785 10000
9786 10000
9787 10000
9788 10000
9789 10000
9790 10000
9791 10000
9792 10000
9793 10000
9794 10000
9795 10000
9796 10000
9797 10000
9798 10000
9799 10000
9800 10000
9801 10000
9802 10000
9803 10000
9804 10000
9805 10000
9806 10000
9807 10000
9808 10000
9809 10000
9810 10000
9811 10000
9812 10000
9813 10000
9814 10000
9815 10000
9816 10000
9817 10000
9818 10000
9819 10000
9820 10000
9821 10000
9822 10000
9823 10000
9824 10000
9825 10000
9826 10000
9827 10000
9828 10000
9829 10000
9830 10000
9831 10000
9832 10000
9833 10000
9834 10000
9835 10000
9836 10000
9837 10000
9838 10000
9839 10000
9840 10000
9841 10000
9842 10000
9843 10000
9844 10000
9845 10000
9846 10000
9847 10000
9848 10000
9849 10000
9850 10000
9851 10000
9852 10000
9853 10000
9854 10000
9855 10000
9856 10000
9857 10000
9858 10000
9859 10000
9860 10000
9861 10000
9862 10000
9863 10000
9864 10000
9865 10000
9866 10000
9867 10000
9868 10000
9869 10000
9870 10000
9871 10000
9872 10000
9873 10000
9874 10000
9875 10000
9876 10000
9877 10000
9878 10000
9879 10000
9880 10000
9881 10000
9882 10000
9883 10000
9884 10000
9885 10000
9886 10000
9887 10000
9888 10000
9889 10000
9890 10000
9891 10000
9892 10000
9893 10000
9894 10000
9895 10000
9896 10000
9897 10000
9898 10000
9899 10000
9900 10000
9901 10000
9902 10000
9903 10000
9904 10000
9905 10000
9906 10000
9907 10000
9908 10000
9909 10000
9910 10000
9911 10000
9912 10000
9913 10000
9914 10000
9915 10000
9916 10000
9917 10000
9918 10000
9919 10000
9920 10000
9921 10000
9922 10000
9923 10000
9924 10000
9925 10000
9926 10000
9927 10000
9928 10000
9929 10000
9930 10000
9931 10000
9932 10000
9933 10000
9934 10000
9935 10000
9936 10000
9937 10000
9938 10000
9939 10000
9940 10000
9941 10000
9942 10000
9943 10000
9944 10000
9945 10000
9946 10000
9947 10000
9948 10000
9949 10000
9950 10000
9951 10000
9952 10000
9953 10000
9954 10000
9955 10000
9956 10000
9957 10000
9958 10000
9959 10000
9960 10000
9961 10000
9962 10000
9963 10000
9964 10000
9965 10000
9966 10000
9967 10000
9968 10000
9969 10000
9970 10000
9971 10000
9972 10000
9973 10000
9974 10000
9975 10000
9976 10000
9977 10000
9978 10000
9979 10000
9980 10000
9981 10000
9982 10000
9983 10000
9984 10000
9985 10000
9986 10000
9987 10000
9988 10000
9989 10000
9990 10000
9991 10000
9992 10000
9993 10000
9994 10000
9995 10000
9996 10000
9997 10000
9998 10000
