1000
500
344 1
791 1
465 1
137 1
316 1
73 1
79 1
338 1
841 1
829 1
175 1
65 1
622 1
353 1
499 1
828 1
347 1
715 1
596 1
743 1
115 1
635 1
427 1
524 1
753 1
139 1
671 1
0 1
744 1
471 1
260 1
547 1
541 1
549 1
501 1
415 1
947 1
610 1
558 1
598 1
335 1
220 1
100 1
754 1
661 1
586 1
196 1
145 1
252 1
604 1
842 1
255 1
750 1
430 1
300 1
55 1
376 1
38 1
734 1
781 1
265 1
113 1
721 1
24 1
811 1
820 1
242 1
365 1
320 1
634 1
372 1
749 1
772 1
160 1
248 1
357 1
933 1
632 1
273 1
247 1
301 1
310 1
383 1
66 1
143 1
801 1
517 1
797 1
374 1
106 1
898 1
429 1
72 1
510 1
548 1
670 1
784 1
539 1
768 1
845 1
168 1
408 1
191 1
912 1
553 1
528 1
194 1
110 1
16 1
830 1
437 1
350 1
914 1
694 1
245 1
214 1
556 1
413 1
438 1
159 1
776 1
543 1
167 1
668 1
399 1
713 1
932 1
457 1
164 1
704 1
803 1
12 1
307 1
84 1
669 1
910 1
227 1
152 1
748 1
862 1
403 1
755 1
387 1
714 1
70 1
184 1
366 1
470 1
68 1
613 1
281 1
504 1
798 1
700 1
723 1
356 1
552 1
462 1
348 1
289 1
37 1
221 1
600 1
151 1
627 1
140 1
521 1
863 1
382 1
30 1
155 1
595 1
34 1
625 1
464 1
46 1
736 1
142 1
565 1
942 1
849 1
56 1
626 1
660 1
633 1
779 1
646 1
640 1
931 1
836 1
40 1
883 1
722 1
306 1
74 1
906 1
834 1
262 1
759 1
535 1
840 1
64 1
228 1
873 1
293 1
268 1
256 1
846 1
825 1
436 1
41 1
423 1
761 1
657 1
49 1
431 1
444 1
889 1
479 1
50 1
675 1
703 1
370 1
707 1
696 1
936 1
261 1
308 1
817 1
354 1
297 1
253 1
643 1
654 1
96 1
147 1
638 1
181 1
29 1
934 1
629 1
731 1
323 1
406 1
619 1
745 1
296 1
655 1
575 1
557 2
13 2
165 2
195 2
267 2
94 2
504 2
773 2
779 2
540 2
502 2
352 2
732 2
383 2
5 2
53 2
766 2
81 2
682 2
479 2
772 2
863 2
874 2
879 2
362 2
633 2
440 2
829 2
270 2
624 2
194 2
291 2
44 2
470 2
810 2
307 2
79 2
883 2
833 2
707 2
67 2
839 2
562 2
719 2
474 2
451 2
805 2
844 2
436 2
806 2
508 2
163 2
866 2
854 2
380 2
742 2
509 2
755 2
591 2
347 2
217 2
905 2
443 2
638 2
255 2
917 2
934 2
191 2
421 2
869 2
546 2
738 2
366 2
232 2
369 2
812 2
175 2
519 2
664 2
401 2
130 2
535 2
892 2
585 2
478 2
33 2
72 2
335 2
254 2
112 2
298 2
400 2
522 2
251 2
694 2
845 2
635 2
321 2
909 2
751 2
102 2
661 2
764 2
942 2
677 2
724 2
416 2
576 2
197 2
365 2
891 2
187 2
268 2
780 2
687 2
157 2
109 2
253 2
11 2
417 2
103 2
542 2
674 2
778 2
418 3
208 3
24 3
647 3
346 3
906 3
312 3
31 3
205 3
168 3
627 3
141 3
367 3
416 3
184 3
453 3
38 3
802 3
573 3
543 3
424 3
524 3
617 3
813 3
335 3
73 3
86 3
340 3
505 3
750 3
7 3
118 3
27 3
475 3
282 3
655 3
827 3
717 3
287 3
780 3
240 3
690 3
598 3
900 3
862 3
185 3
753 3
270 3
89 3
23 75
625 434
292 29
259 5
236 823
231 459
489 720
654 94
211 345
891 118
202 273
7 783
322 224
505 503
695 327
334 933
582 857
48 10
590 368
298 421
191 647
719 881
78 383
300 263
607 855
882 736
25 628
734 749
20 856
943 663
731 108
38 210
329 490
378 855
653 809
423 271
490 759
424 369
771 232
668 608
435 569
632 501
806 203
510 64
308 347
743 72
936 28
614 848
629 712
110 187
418 75
187 688
278 533
459 369
911 814
689 938
24 725
210 488
940 503
315 586
103 80
256 929
347 602
115 678
603 13
104 270
399 677
801 176
825 359
199 529
932 524
341 208
98 161
337 927
949 950
950 951
951 952
952 953
953 954
954 955
955 956
956 957
957 958
958 959
959 960
960 961
961 962
962 963
963 964
964 965
965 966
966 967
967 968
968 969
969 970
970 971
971 972
972 973
973 974
974 975
975 976
976 977
977 978
978 979
979 980
980 981
981 982
982 983
983 984
984 985
985 986
986 987
987 988
988 989
989 990
990 991
991 992
992 993
993 994
994 995
995 996
996 997
997 998
998 999
999 998
998 997
997 996
996 995
995 994
994 993
993 992
992 991
991 990
990 989
989 988
988 987
987 986
986 985
985 984
984 983
983 982
982 981
981 980
980 979
979 978
978 977
977 976
976 975
975 974
974 973
973 972
972 971
971 970
970 969
969 968
968 967
967 966
966 965
965 964
964 963
963 962
962 961
961 960
960 959
959 958
958 957
957 956
956 955
955 954
954 953
953 952
952 951
951 950
950 949
949 1000
950 1000
951 1000
952 1000
953 1000
954 1000
955 1000
956 1000
957 1000
958 1000
959 1000
960 1000
961 1000
962 1000
963 1000
964 1000
965 1000
966 1000
967 1000
968 1000
969 1000
970 1000
971 1000
972 1000
973 1000
974 1000
975 1000
976 1000
977 1000
978 1000
979 1000
980 1000
981 1000
982 1000
983 1000
984 1000
985 1000
986 1000
987 1000
988 1000
989 1000
990 1000
991 1000
992 1000
993 1000
994 1000
995 1000
996 1000
997 1000
998 1000
