1000
622
849 1
287 1
303 1
16 1
40 1
694 1
923 1
544 1
922 1
622 1
424 1
447 1
146 1
895 1
924 1
335 1
862 1
433 1
905 1
382 1
200 1
519 1
562 1
612 1
265 1
763 1
720 1
162 1
726 1
676 1
238 1
219 1
43 1
56 1
837 1
63 1
681 1
167 1
820 1
93 1
533 1
386 1
843 1
550 1
645 1
499 1
642 1
713 1
739 1
822 1
754 1
661 1
818 1
276 1
628 1
839 1
377 1
666 1
218 1
137 1
52 1
395 1
668 1
860 1
355 1
786 1
762 1
231 1
380 1
379 1
641 1
336 1
491 1
279 1
91 1
397 1
282 1
803 1
46 1
212 1
945 1
557 1
823 1
604 1
223 1
253 1
115 1
215 1
611 1
695 1
602 1
193 1
652 1
400 1
210 1
559 1
41 1
606 1
411 1
487 1
501 1
846 1
908 1
682 1
143 1
494 1
358 1
861 1
625 1
504 1
853 1
13 1
528 1
555 1
617 1
584 1
309 1
879 1
829 1
283 1
368 1
539 1
267 1
724 1
149 1
548 1
854 1
656 1
530 1
891 1
587 1
942 1
744 1
362 1
590 1
568 1
937 1
543 1
407 1
363 1
941 1
147 1
300 1
703 1
909 1
880 1
7 1
64 1
203 1
885 1
321 1
109 1
144 1
233 1
326 1
630 1
877 1
467 1
88 1
350 1
381 1
227 1
232 1
19 1
319 1
338 1
163 1
288 1
782 1
775 1
53 1
949 1
457 1
556 1
344 1
432 1
801 1
737 1
245 1
414 1
480 1
753 1
635 1
251 1
11 1
14 1
345 1
42 1
429 1
408 1
257 1
306 1
152 1
953 1
393 1
17 1
278 1
289 1
807 1
810 1
333 1
347 1
767 1
834 1
142 1
671 1
108 1
723 1
509 1
332 1
718 1
171 1
73 1
913 1
857 1
169 1
74 1
135 1
148 1
220 1
779 1
450 1
246 1
538 1
545 1
226 1
366 1
341 1
564 1
781 1
190 1
378 1
817 1
263 1
870 1
396 1
876 1
663 1
364 1
760 1
517 1
423 1
176 1
97 1
790 1
828 1
626 1
101 1
488 1
130 1
493 2
437 2
426 2
302 2
262 2
914 2
692 2
534 2
700 2
568 2
662 2
339 2
64 2
244 2
447 2
245 2
459 2
533 2
887 2
332 2
182 2
231 2
131 2
578 2
263 2
336 2
400 2
221 2
766 2
373 2
383 2
637 2
888 2
343 2
674 2
216 2
539 2
479 2
499 2
118 2
4 2
390 2
601 2
889 2
18 2
214 2
322 2
710 2
881 2
954 2
202 2
254 2
600 2
573 2
939 2
643 2
827 2
943 2
265 2
160 2
423 2
597 2
924 2
478 2
917 2
57 2
366 2
511 2
220 2
926 2
740 2
397 2
697 2
509 2
759 2
384 2
765 2
541 2
618 2
922 2
911 2
604 2
653 2
821 2
633 2
198 2
445 2
799 2
519 2
871 2
702 2
350 2
335 2
718 2
620 2
329 2
30 2
934 2
206 2
190 2
838 2
81 2
271 2
481 2
850 2
321 2
434 2
275 2
659 2
655 2
599 2
71 2
346 2
227 2
359 2
667 2
114 2
839 2
689 2
364 2
843 2
897 2
115 2
530 2
642 2
885 3
24 3
655 3
89 3
94 3
219 3
174 3
774 3
7 3
14 3
465 3
415 3
879 3
267 3
516 3
946 3
12 3
850 3
319 3
230 3
99 3
739 3
383 3
156 3
430 3
442 3
636 3
949 3
486 3
741 3
170 3
585 3
400 3
387 3
808 3
830 3
277 3
272 3
180 3
302 3
911 3
586 3
348 3
66 3
183 3
702 3
206 3
478 3
579 3
832 3
241 589
201 527
245 721
520 721
61 55
589 246
721 948
132 143
851 527
712 589
458 246
724 851
245 61
458 488
201 241
712 201
143 589
712 241
721 712
527 55
69 246
520 55
458 948
712 246
458 132
458 55
488 948
201 55
245 201
488 246
458 143
245 851
69 589
712 488
724 520
724 241
527 143
712 61
458 851
721 527
721 143
851 143
851 61
721 61
721 851
245 948
132 246
201 851
721 241
712 55
458 61
241 246
712 948
69 61
520 246
520 488
69 55
712 527
724 948
69 488
458 721
143 948
724 721
69 458
69 241
143 246
132 241
458 245
201 246
201 488
69 712
520 527
143 55
245 143
712 851
712 143
959 960
960 961
961 962
962 963
963 964
964 965
965 966
966 967
967 968
968 969
969 970
970 971
971 972
972 973
973 974
974 975
975 976
976 977
977 978
978 979
979 980
980 981
981 982
982 983
983 984
984 985
985 986
986 987
987 988
988 989
989 990
990 991
991 992
992 993
993 994
994 995
995 996
996 997
997 998
998 999
999 959
999 998
998 997
997 996
996 995
995 994
994 993
993 992
992 991
991 990
990 989
989 988
988 987
987 986
986 985
985 984
984 983
983 982
982 981
981 980
980 979
979 978
978 977
977 976
976 975
975 974
974 973
973 972
972 971
971 970
970 969
969 968
968 967
967 966
966 965
965 964
964 963
963 962
962 961
961 960
959 1000
960 1000
961 1000
962 1000
963 1000
964 1000
965 1000
966 1000
967 1000
968 1000
969 1000
970 1000
971 1000
972 1000
973 1000
974 1000
975 1000
976 1000
977 1000
978 1000
979 1000
980 1000
981 1000
982 1000
983 1000
984 1000
985 1000
986 1000
987 1000
988 1000
989 1000
990 1000
991 1000
992 1000
993 1000
994 1000
995 1000
996 1000
997 1000
998 1000
999 1000
