1000
622
457 1
795 1
582 1
844 1
128 1
726 1
498 1
866 1
206 1
606 1
507 1
716 1
823 1
218 1
774 1
289 1
558 1
875 1
688 1
174 1
36 1
327 1
415 1
231 1
800 1
467 1
756 1
338 1
646 1
833 1
924 1
612 1
904 1
348 1
233 1
714 1
131 1
510 1
622 1
172 1
32 1
662 1
377 1
656 1
928 1
564 1
787 1
531 1
895 1
888 1
845 1
50 1
132 1
359 1
346 1
438 1
689 1
450 1
831 1
478 1
253 1
177 1
910 1
305 1
280 1
812 1
463 1
118 1
182 1
832 1
376 1
56 1
374 1
807 1
932 1
763 1
658 1
255 1
731 1
7 1
389 1
437 1
221 1
67 1
775 1
416 1
484 1
698 1
120 1
115 1
556 1
370 1
914 1
320 1
595 1
857 1
655 1
854 1
48 1
513 1
100 1
929 1
165 1
215 1
855 1
750 1
957 1
935 1
684 1
776 1
23 1
607 1
278 1
476 1
405 1
460 1
876 1
417 1
799 1
176 1
352 1
848 1
193 1
526 1
804 1
183 1
33 1
757 1
953 1
334 1
858 1
603 1
162 1
697 1
105 1
204 1
661 1
274 1
339 1
624 1
151 1
890 1
785 1
821 1
643 1
798 1
137 1
480 1
850 1
794 1
635 1
248 1
540 1
864 1
797 1
732 1
285 1
847 1
589 1
431 1
496 1
936 1
578 1
425 1
524 1
275 1
473 1
470 1
837 1
397 1
252 1
746 1
251 1
620 1
94 1
898 1
485 1
402 1
65 1
892 1
877 1
772 1
63 1
519 1
121 1
736 1
770 1
241 1
207 1
312 1
580 1
766 1
759 1
356 1
696 1
130 1
577 1
196 1
673 1
96 1
671 1
520 1
608 1
143 1
19 1
808 1
762 1
351 1
705 1
384 1
947 1
700 1
597 1
665 1
436 1
256 1
287 1
92 1
699 1
702 1
905 1
760 1
264 1
343 1
590 1
884 1
458 1
296 1
353 1
292 1
919 1
629 1
616 1
897 1
902 1
753 1
712 1
113 1
455 1
80 1
805 1
754 1
779 1
277 1
482 1
632 1
669 1
765 1
72 1
342 1
705 2
359 2
676 2
846 2
607 2
600 2
853 2
31 2
256 2
133 2
549 2
401 2
167 2
541 2
285 2
709 2
733 2
179 2
366 2
843 2
698 2
417 2
684 2
114 2
805 2
349 2
433 2
738 2
724 2
569 2
815 2
446 2
628 2
502 2
26 2
712 2
825 2
936 2
803 2
81 2
226 2
844 2
391 2
120 2
108 2
265 2
617 2
434 2
574 2
595 2
88 2
278 2
666 2
61 2
462 2
898 2
823 2
413 2
877 2
529 2
58 2
281 2
584 2
512 2
130 2
183 2
592 2
310 2
729 2
620 2
632 2
859 2
255 2
744 2
957 2
525 2
221 2
111 2
553 2
156 2
452 2
317 2
199 2
743 2
865 2
535 2
578 2
393 2
377 2
331 2
71 2
168 2
611 2
878 2
33 2
137 2
416 2
536 2
527 2
222 2
750 2
425 2
7 2
106 2
790 2
671 2
933 2
499 2
113 2
646 2
47 2
43 2
768 2
440 2
51 2
287 2
68 2
758 2
548 2
651 2
749 2
197 2
598 2
316 2
745 2
379 3
174 3
473 3
733 3
221 3
624 3
89 3
851 3
599 3
256 3
397 3
83 3
326 3
641 3
740 3
363 3
918 3
567 3
133 3
30 3
682 3
437 3
136 3
127 3
731 3
334 3
771 3
824 3
757 3
474 3
551 3
618 3
62 3
799 3
286 3
330 3
772 3
538 3
630 3
230 3
926 3
649 3
299 3
784 3
748 3
749 3
560 3
357 3
412 3
811 3
672 368
111 127
956 690
248 690
911 127
672 921
111 383
871 441
368 383
871 265
368 127
627 368
111 568
956 441
438 871
248 911
871 921
921 20
210 956
20 265
921 568
210 265
383 690
20 441
368 568
111 911
438 383
627 956
210 383
494 248
438 956
921 210
568 690
921 248
921 494
911 956
627 911
672 20
921 127
248 127
438 111
438 921
111 956
248 956
438 568
627 383
494 368
438 911
672 956
438 627
871 568
871 111
265 568
248 368
210 20
438 494
438 248
911 210
871 690
494 441
956 383
368 210
383 265
438 368
20 690
111 494
127 568
627 265
627 441
494 956
438 690
921 690
111 690
248 441
672 568
494 20
959 960
960 961
961 962
962 963
963 964
964 965
965 966
966 967
967 968
968 969
969 970
970 971
971 972
972 973
973 974
974 975
975 976
976 977
977 978
978 979
979 980
980 981
981 982
982 983
983 984
984 985
985 986
986 987
987 988
988 989
989 990
990 991
991 992
992 993
993 994
994 995
995 996
996 997
997 998
998 999
999 959
999 998
998 997
997 996
996 995
995 994
994 993
993 992
992 991
991 990
990 989
989 988
988 987
987 986
986 985
985 984
984 983
983 982
982 981
981 980
980 979
979 978
978 977
977 976
976 975
975 974
974 973
973 972
972 971
971 970
970 969
969 968
968 967
967 966
966 965
965 964
964 963
963 962
962 961
961 960
959 1000
960 1000
961 1000
962 1000
963 1000
964 1000
965 1000
966 1000
967 1000
968 1000
969 1000
970 1000
971 1000
972 1000
973 1000
974 1000
975 1000
976 1000
977 1000
978 1000
979 1000
980 1000
981 1000
982 1000
983 1000
984 1000
985 1000
986 1000
987 1000
988 1000
989 1000
990 1000
991 1000
992 1000
993 1000
994 1000
995 1000
996 1000
997 1000
998 1000
999 1000
