1000
517
598 1
739 1
95 1
51 1
242 1
945 1
931 1
616 1
377 1
756 1
318 1
568 1
145 1
731 1
177 1
618 1
692 1
594 1
634 1
280 1
557 1
542 1
184 1
788 1
642 1
451 1
522 1
766 1
303 1
604 1
646 1
930 1
863 1
398 1
668 1
647 1
231 1
828 1
602 1
845 1
404 1
125 1
395 1
885 1
254 1
782 1
687 1
546 1
847 1
376 1
328 1
470 1
718 1
806 1
141 1
230 1
564 1
307 1
16 1
35 1
559 1
676 1
543 1
236 1
345 1
490 1
567 1
760 1
832 1
587 1
591 1
729 1
572 1
730 1
540 1
561 1
172 1
494 1
133 1
79 1
544 1
104 1
102 1
126 1
699 1
150 1
403 1
859 1
381 1
755 1
427 1
220 1
875 1
420 1
480 1
434 1
551 1
874 1
380 1
966 1
228 1
342 1
192 1
477 1
519 1
612 1
776 1
674 1
52 1
827 1
565 1
932 1
223 1
842 1
430 1
322 1
502 1
537 1
264 1
178 1
620 1
393 1
105 1
226 1
174 1
950 1
607 1
934 1
775 1
436 1
794 1
829 1
450 1
858 1
909 1
274 1
129 1
283 1
119 1
401 1
353 1
417 1
926 1
737 1
76 1
217 1
865 1
74 1
385 1
548 1
154 1
492 1
803 1
138 1
173 1
705 1
823 1
269 1
339 1
414 1
306 1
176 1
893 1
148 1
201 1
410 1
661 1
520 1
943 1
694 1
624 1
529 1
757 1
238 1
14 1
253 1
40 1
136 1
499 1
592 1
396 1
606 1
848 1
330 1
139 1
712 1
770 1
817 1
412 1
18 1
194 1
107 1
581 1
968 1
246 1
521 1
186 1
640 1
765 1
83 1
971 1
127 1
86 1
476 1
702 1
622 1
808 1
288 1
957 1
219 1
143 1
196 1
650 1
541 1
473 1
727 1
672 1
285 1
110 1
799 1
389 1
769 1
897 1
319 1
486 1
487 1
708 1
958 1
696 1
315 1
175 1
227 1
314 1
106 1
917 1
512 1
841 1
609 1
180 1
67 1
906 1
538 1
566 1
835 1
7 1
619 1
455 1
108 1
149 1
506 1
455 2
573 2
607 2
164 2
211 2
720 2
248 2
643 2
314 2
660 2
278 2
808 2
193 2
459 2
639 2
582 2
34 2
389 2
787 2
703 2
650 2
481 2
585 2
718 2
130 2
513 2
39 2
699 2
859 2
700 2
602 2
544 2
772 2
468 2
435 2
985 2
983 2
218 2
725 2
75 2
978 2
586 2
686 2
302 2
744 2
921 2
5 2
296 2
196 2
10 2
358 2
821 2
844 2
846 2
181 2
904 2
31 2
69 2
724 2
783 2
365 2
568 2
624 2
166 2
465 2
235 2
875 2
551 2
288 2
537 2
159 2
41 2
245 2
26 2
152 2
25 2
281 2
785 2
405 2
197 2
661 2
620 2
155 2
297 2
448 2
112 2
423 2
160 2
872 2
17 2
525 2
684 2
282 2
344 2
104 2
138 2
315 2
78 2
659 2
221 2
571 2
190 2
223 2
356 2
631 2
89 2
320 2
597 2
21 2
626 2
509 2
374 2
734 2
65 2
746 2
322 2
646 2
463 2
392 2
704 2
633 2
897 2
736 2
733 2
642 2
252 3
141 3
186 3
522 3
199 3
76 3
748 3
234 3
956 3
728 3
572 3
989 3
51 3
237 3
304 3
801 3
35 3
607 3
302 3
424 3
452 3
789 3
114 3
840 3
785 3
855 3
715 3
246 3
909 3
121 3
89 3
788 3
235 3
821 3
444 3
901 3
249 3
326 3
245 3
616 3
178 3
790 3
810 3
133 3
264 3
555 3
457 3
911 3
248 3
500 3
40 901
901 226
55 243
55 710
472 5
413 126
773 481
55 126
252 481
413 55
40 798
5 126
901 133
712 243
712 710
901 126
901 252
55 5
798 243
901 243
413 226
252 226
472 126
710 874
798 587
901 5
40 874
40 587
133 226
472 773
587 5
252 5
773 243
481 481
798 481
413 133
55 481
587 226
587 874
472 712
5 481
798 126
874 481
710 243
413 874
5 226
133 710
55 874
40 243
472 252
133 243
874 126
226 773
472 901
55 481
55 773
472 798
5 874
40 126
252 874
40 226
55 133
773 874
472 587
798 226
40 773
5 773
252 710
587 481
712 126
226 126
710 481
798 133
481 243
901 55
413 243
994 995
995 996
996 997
997 998
998 999
999 994
999 998
998 997
997 996
996 995
994 1000
995 1000
996 1000
997 1000
998 1000
999 1000
