1000
517
246 1
316 1
111 1
252 1
285 1
102 1
884 1
811 1
230 1
959 1
913 1
834 1
978 1
670 1
719 1
579 1
10 1
695 1
303 1
362 1
156 1
392 1
684 1
651 1
268 1
38 1
518 1
237 1
942 1
155 1
918 1
210 1
132 1
619 1
176 1
366 1
438 1
892 1
352 1
61 1
941 1
842 1
142 1
701 1
218 1
614 1
541 1
363 1
626 1
583 1
536 1
46 1
117 1
309 1
384 1
405 1
890 1
442 1
657 1
854 1
449 1
685 1
845 1
31 1
427 1
569 1
0 1
764 1
320 1
672 1
264 1
122 1
82 1
822 1
900 1
819 1
604 1
52 1
529 1
566 1
321 1
886 1
271 1
358 1
367 1
929 1
502 1
972 1
263 1
629 1
970 1
143 1
748 1
949 1
650 1
242 1
205 1
440 1
12 1
550 1
787 1
90 1
159 1
196 1
66 1
133 1
149 1
430 1
452 1
795 1
872 1
638 1
798 1
60 1
581 1
181 1
611 1
639 1
871 1
297 1
559 1
458 1
105 1
147 1
194 1
483 1
878 1
279 1
636 1
906 1
474 1
286 1
91 1
169 1
307 1
838 1
139 1
785 1
420 1
360 1
209 1
631 1
47 1
224 1
26 1
783 1
214 1
542 1
901 1
700 1
720 1
464 1
165 1
773 1
724 1
499 1
613 1
374 1
765 1
496 1
745 1
229 1
485 1
702 1
372 1
856 1
857 1
44 1
963 1
921 1
39 1
22 1
812 1
63 1
731 1
81 1
141 1
331 1
965 1
292 1
517 1
953 1
889 1
466 1
381 1
4 1
709 1
222 1
931 1
841 1
395 1
686 1
365 1
946 1
761 1
369 1
48 1
800 1
885 1
975 1
424 1
737 1
403 1
28 1
112 1
212 1
453 1
809 1
641 1
467 1
860 1
173 1
991 1
671 1
361 1
565 1
175 1
740 1
378 1
887 1
554 1
654 1
697 1
289 1
802 1
6 1
622 1
750 1
75 1
992 1
868 1
546 1
663 1
160 1
669 1
608 1
332 1
960 1
584 1
180 1
319 1
985 1
797 1
568 1
733 1
470 1
832 1
534 1
495 1
317 1
833 2
760 2
900 2
923 2
406 2
856 2
111 2
132 2
366 2
589 2
46 2
475 2
201 2
874 2
895 2
784 2
23 2
853 2
549 2
439 2
622 2
862 2
420 2
958 2
391 2
286 2
975 2
162 2
199 2
872 2
107 2
652 2
279 2
329 2
613 2
487 2
272 2
716 2
733 2
983 2
102 2
842 2
848 2
568 2
92 2
337 2
531 2
699 2
779 2
780 2
974 2
802 2
257 2
356 2
465 2
930 2
324 2
781 2
493 2
237 2
330 2
127 2
374 2
6 2
264 2
148 2
939 2
643 2
445 2
15 2
829 2
937 2
74 2
700 2
338 2
686 2
665 2
168 2
353 2
885 2
379 2
295 2
360 2
14 2
27 2
426 2
951 2
929 2
389 2
416 2
585 2
152 2
348 2
427 2
94 2
99 2
270 2
482 2
569 2
835 2
322 2
674 2
532 2
744 2
828 2
878 2
376 2
969 2
83 2
817 2
634 2
976 2
11 2
718 2
474 2
118 2
12 2
628 2
766 2
624 2
588 2
757 2
771 2
641 2
594 2
845 3
885 3
194 3
449 3
266 3
605 3
509 3
414 3
751 3
326 3
119 3
295 3
906 3
218 3
29 3
318 3
369 3
328 3
957 3
762 3
907 3
186 3
170 3
229 3
500 3
140 3
628 3
765 3
810 3
311 3
888 3
107 3
687 3
291 3
877 3
973 3
972 3
76 3
70 3
233 3
82 3
609 3
544 3
469 3
429 3
714 3
502 3
671 3
702 3
991 3
340 490
490 977
718 977
901 232
581 835
651 68
340 232
22 581
232 835
580 651
22 977
901 22
793 409
44 409
340 793
44 977
490 544
718 409
718 70
793 581
340 932
718 581
718 44
793 544
651 22
409 835
718 641
793 641
22 68
340 901
793 977
932 409
581 68
901 544
44 68
44 901
580 232
793 22
409 977
932 835
70 544
977 68
793 232
580 44
70 68
44 835
932 977
70 977
409 544
932 232
718 835
651 835
409 232
580 544
70 22
651 718
977 544
409 490
340 22
932 793
932 70
901 835
581 544
340 68
580 22
651 932
932 44
793 490
70 641
22 835
68 641
22 544
580 835
70 835
651 641
718 68
994 995
995 996
996 997
997 998
998 999
999 994
999 998
998 997
997 996
996 995
994 1000
995 1000
996 1000
997 1000
998 1000
999 1000
