1000
500
552 1
863 1
535 1
174 1
378 1
99 1
610 1
69 1
825 1
559 1
581 1
954 1
748 1
145 1
413 1
593 1
219 1
669 1
923 1
477 1
225 1
549 1
713 1
984 1
273 1
903 1
254 1
28 1
163 1
39 1
536 1
805 1
676 1
531 1
815 1
560 1
569 1
187 1
510 1
874 1
630 1
542 1
952 1
119 1
110 1
563 1
774 1
769 1
906 1
896 1
792 1
884 1
444 1
523 1
468 1
648 1
84 1
161 1
714 1
87 1
143 1
784 1
466 1
306 1
720 1
534 1
765 1
907 1
918 1
852 1
438 1
425 1
833 1
423 1
140 1
773 1
242 1
937 1
848 1
642 1
59 1
972 1
222 1
858 1
532 1
391 1
496 1
789 1
530 1
788 1
860 1
405 1
234 1
311 1
215 1
983 1
929 1
94 1
61 1
864 1
465 1
660 1
239 1
218 1
524 1
237 1
946 1
454 1
394 1
445 1
755 1
503 1
936 1
382 1
698 1
877 1
375 1
931 1
850 1
667 1
101 1
44 1
422 1
756 1
666 1
955 1
384 1
148 1
819 1
541 1
664 1
703 1
233 1
325 1
527 1
268 1
740 1
209 1
843 1
151 1
310 1
818 1
885 1
400 1
771 1
511 1
547 1
278 1
107 1
823 1
583 1
498 1
980 1
109 1
776 1
452 1
968 1
368 1
730 1
104 1
125 1
551 1
463 1
287 1
814 1
230 1
381 1
271 1
406 1
578 1
973 1
735 1
356 1
849 1
403 1
653 1
935 1
721 1
883 1
889 1
390 1
177 1
489 1
839 1
27 1
229 1
768 1
387 1
958 1
992 1
235 1
226 1
587 1
296 1
734 1
446 1
216 1
724 1
597 1
324 1
420 1
130 1
821 1
834 1
32 1
88 1
684 1
780 1
429 1
599 1
726 1
517 1
458 1
927 1
943 1
911 1
128 1
655 1
159 1
580 1
206 1
800 1
238 1
374 1
305 1
981 1
616 1
637 1
779 1
810 1
678 1
557 1
170 1
141 1
275 1
343 1
908 1
786 1
485 1
211 1
942 1
286 1
553 1
479 1
891 1
9 1
945 1
674 1
575 1
850 2
710 2
803 2
895 2
518 2
176 2
174 2
325 2
68 2
237 2
927 2
667 2
262 2
157 2
821 2
229 2
798 2
214 2
345 2
954 2
653 2
654 2
722 2
78 2
554 2
987 2
592 2
761 2
979 2
368 2
777 2
20 2
482 2
210 2
425 2
583 2
565 2
55 2
408 2
180 2
542 2
321 2
559 2
13 2
872 2
694 2
843 2
286 2
629 2
646 2
577 2
56 2
332 2
48 2
824 2
899 2
662 2
924 2
146 2
324 2
231 2
745 2
298 2
607 2
625 2
235 2
688 2
703 2
794 2
768 2
120 2
191 2
984 2
437 2
161 2
17 2
183 2
51 2
977 2
495 2
569 2
246 2
401 2
551 2
443 2
738 2
310 2
505 2
430 2
643 2
870 2
545 2
158 2
121 2
604 2
747 2
724 2
992 2
757 2
254 2
194 2
729 2
477 2
772 2
312 2
968 2
270 2
225 2
720 2
145 2
717 2
390 2
915 2
957 2
98 2
779 2
218 2
733 2
170 2
340 2
475 2
472 2
647 2
674 2
441 3
708 3
481 3
35 3
0 3
677 3
844 3
42 3
369 3
975 3
394 3
444 3
745 3
918 3
287 3
511 3
358 3
117 3
181 3
211 3
950 3
333 3
956 3
237 3
530 3
771 3
458 3
110 3
151 3
162 3
115 3
694 3
876 3
154 3
381 3
105 3
972 3
495 3
101 3
167 3
633 3
482 3
567 3
370 3
224 3
544 3
222 3
653 3
267 3
976 379
748 358
538 934
361 853
794 570
135 222
812 241
362 830
228 682
62 106
273 224
308 345
927 456
385 22
348 910
460 180
378 351
921 480
881 166
218 536
740 837
388 220
874 796
151 992
457 315
909 200
21 962
539 451
955 772
842 964
564 144
940 966
304 178
658 194
196 208
127 869
230 714
873 971
65 458
318 359
443 33
906 588
275 645
527 992
862 239
929 926
61 843
314 788
321 377
66 252
550 240
229 359
73 31
714 605
294 126
246 433
332 411
526 177
263 167
938 402
674 106
968 902
84 662
106 653
225 382
762 305
279 785
646 32
69 8
905 642
731 185
192 155
860 493
516 916
994 995
995 996
996 997
997 998
998 999
999 998
998 997
997 996
996 995
995 994
994 1000
995 1000
996 1000
997 1000
998 1000
