100
5000
5000 4901
4999 4900
4998 4899
4997 4898
4996 4897
4995 4896
4994 4895
4993 4894
4992 4893
4991 4892
4990 4891
4989 4890
4988 4889
4987 4888
4986 4887
4985 4886
4984 4885
4983 4884
4982 4883
4981 4882
4980 4881
4979 4880
4978 4879
4977 4878
4976 4877
4975 4876
4974 4875
4973 4874
4972 4873
4971 4872
4970 4871
4969 4870
4968 4869
4967 4868
4966 4867
4965 4866
4964 4865
4963 4864
4962 4863
4961 4862
4960 4861
4959 4860
4958 4859
4957 4858
4956 4857
4955 4856
4954 4855
4953 4854
4952 4853
4951 4852
4950 4851
4949 4850
4948 4849
4947 4848
4946 4847
4945 4846
4944 4845
4943 4844
4942 4843
4941 4842
4940 4841
4939 4840
4938 4839
4937 4838
4936 4837
4935 4836
4934 4835
4933 4834
4932 4833
4931 4832
4930 4831
4929 4830
4928 4829
4927 4828
4926 4827
4925 4826
4924 4825
4923 4824
4922 4823
4921 4822
4920 4821
4919 4820
4918 4819
4917 4818
4916 4817
4915 4816
4914 4815
4913 4814
4912 4813
4911 4812
4910 4811
4909 4810
4908 4809
4907 4808
4906 4807
4905 4806
4904 4805
4903 4804
4902 4803
4901 4802
4900 4801
4899 4800
4898 4799
4897 4798
4896 4797
4895 4796
4894 4795
4893 4794
4892 4793
4891 4792
4890 4791
4889 4790
4888 4789
4887 4788
4886 4787
4885 4786
4884 4785
4883 4784
4882 4783
4881 4782
4880 4781
4879 4780
4878 4779
4877 4778
4876 4777
4875 4776
4874 4775
4873 4774
4872 4773
4871 4772
4870 4771
4869 4770
4868 4769
4867 4768
4866 4767
4865 4766
4864 4765
4863 4764
4862 4763
4861 4762
4860 4761
4859 4760
4858 4759
4857 4758
4856 4757
4855 4756
4854 4755
4853 4754
4852 4753
4851 4752
4850 4751
4849 4750
4848 4749
4847 4748
4846 4747
4845 4746
4844 4745
4843 4744
4842 4743
4841 4742
4840 4741
4839 4740
4838 4739
4837 4738
4836 4737
4835 4736
4834 4735
4833 4734
4832 4733
4831 4732
4830 4731
4829 4730
4828 4729
4827 4728
4826 4727
4825 4726
4824 4725
4823 4724
4822 4723
4821 4722
4820 4721
4819 4720
4818 4719
4817 4718
4816 4717
4815 4716
4814 4715
4813 4714
4812 4713
4811 4712
4810 4711
4809 4710
4808 4709
4807 4708
4806 4707
4805 4706
4804 4705
4803 4704
4802 4703
4801 4702
4800 4701
4799 4700
4798 4699
4797 4698
4796 4697
4795 4696
4794 4695
4793 4694
4792 4693
4791 4692
4790 4691
4789 4690
4788 4689
4787 4688
4786 4687
4785 4686
4784 4685
4783 4684
4782 4683
4781 4682
4780 4681
4779 4680
4778 4679
4777 4678
4776 4677
4775 4676
4774 4675
4773 4674
4772 4673
4771 4672
4770 4671
4769 4670
4768 4669
4767 4668
4766 4667
4765 4666
4764 4665
4763 4664
4762 4663
4761 4662
4760 4661
4759 4660
4758 4659
4757 4658
4756 4657
4755 4656
4754 4655
4753 4654
4752 4653
4751 4652
4750 4651
4749 4650
4748 4649
4747 4648
4746 4647
4745 4646
4744 4645
4743 4644
4742 4643
4741 4642
4740 4641
4739 4640
4738 4639
4737 4638
4736 4637
4735 4636
4734 4635
4733 4634
4732 4633
4731 4632
4730 4631
4729 4630
4728 4629
4727 4628
4726 4627
4725 4626
4724 4625
4723 4624
4722 4623
4721 4622
4720 4621
4719 4620
4718 4619
4717 4618
4716 4617
4715 4616
4714 4615
4713 4614
4712 4613
4711 4612
4710 4611
4709 4610
4708 4609
4707 4608
4706 4607
4705 4606
4704 4605
4703 4604
4702 4603
4701 4602
4700 4601
4699 4600
4698 4599
4697 4598
4696 4597
4695 4596
4694 4595
4693 4594
4692 4593
4691 4592
4690 4591
4689 4590
4688 4589
4687 4588
4686 4587
4685 4586
4684 4585
4683 4584
4682 4583
4681 4582
4680 4581
4679 4580
4678 4579
4677 4578
4676 4577
4675 4576
4674 4575
4673 4574
4672 4573
4671 4572
4670 4571
4669 4570
4668 4569
4667 4568
4666 4567
4665 4566
4664 4565
4663 4564
4662 4563
4661 4562
4660 4561
4659 4560
4658 4559
4657 4558
4656 4557
4655 4556
4654 4555
4653 4554
4652 4553
4651 4552
4650 4551
4649 4550
4648 4549
4647 4548
4646 4547
4645 4546
4644 4545
4643 4544
4642 4543
4641 4542
4640 4541
4639 4540
4638 4539
4637 4538
4636 4537
4635 4536
4634 4535
4633 4534
4632 4533
4631 4532
4630 4531
4629 4530
4628 4529
4627 4528
4626 4527
4625 4526
4624 4525
4623 4524
4622 4523
4621 4522
4620 4521
4619 4520
4618 4519
4617 4518
4616 4517
4615 4516
4614 4515
4613 4514
4612 4513
4611 4512
4610 4511
4609 4510
4608 4509
4607 4508
4606 4507
4605 4506
4604 4505
4603 4504
4602 4503
4601 4502
4600 4501
4599 4500
4598 4499
4597 4498
4596 4497
4595 4496
4594 4495
4593 4494
4592 4493
4591 4492
4590 4491
4589 4490
4588 4489
4587 4488
4586 4487
4585 4486
4584 4485
4583 4484
4582 4483
4581 4482
4580 4481
4579 4480
4578 4479
4577 4478
4576 4477
4575 4476
4574 4475
4573 4474
4572 4473
4571 4472
4570 4471
4569 4470
4568 4469
4567 4468
4566 4467
4565 4466
4564 4465
4563 4464
4562 4463
4561 4462
4560 4461
4559 4460
4558 4459
4557 4458
4556 4457
4555 4456
4554 4455
4553 4454
4552 4453
4551 4452
4550 4451
4549 4450
4548 4449
4547 4448
4546 4447
4545 4446
4544 4445
4543 4444
4542 4443
4541 4442
4540 4441
4539 4440
4538 4439
4537 4438
4536 4437
4535 4436
4534 4435
4533 4434
4532 4433
4531 4432
4530 4431
4529 4430
4528 4429
4527 4428
4526 4427
4525 4426
4524 4425
4523 4424
4522 4423
4521 4422
4520 4421
4519 4420
4518 4419
4517 4418
4516 4417
4515 4416
4514 4415
4513 4414
4512 4413
4511 4412
4510 4411
4509 4410
4508 4409
4507 4408
4506 4407
4505 4406
4504 4405
4503 4404
4502 4403
4501 4402
4500 4401
4499 4400
4498 4399
4497 4398
4496 4397
4495 4396
4494 4395
4493 4394
4492 4393
4491 4392
4490 4391
4489 4390
4488 4389
4487 4388
4486 4387
4485 4386
4484 4385
4483 4384
4482 4383
4481 4382
4480 4381
4479 4380
4478 4379
4477 4378
4476 4377
4475 4376
4474 4375
4473 4374
4472 4373
4471 4372
4470 4371
4469 4370
4468 4369
4467 4368
4466 4367
4465 4366
4464 4365
4463 4364
4462 4363
4461 4362
4460 4361
4459 4360
4458 4359
4457 4358
4456 4357
4455 4356
4454 4355
4453 4354
4452 4353
4451 4352
4450 4351
4449 4350
4448 4349
4447 4348
4446 4347
4445 4346
4444 4345
4443 4344
4442 4343
4441 4342
4440 4341
4439 4340
4438 4339
4437 4338
4436 4337
4435 4336
4434 4335
4433 4334
4432 4333
4431 4332
4430 4331
4429 4330
4428 4329
4427 4328
4426 4327
4425 4326
4424 4325
4423 4324
4422 4323
4421 4322
4420 4321
4419 4320
4418 4319
4417 4318
4416 4317
4415 4316
4414 4315
4413 4314
4412 4313
4411 4312
4410 4311
4409 4310
4408 4309
4407 4308
4406 4307
4405 4306
4404 4305
4403 4304
4402 4303
4401 4302
4400 4301
4399 4300
4398 4299
4397 4298
4396 4297
4395 4296
4394 4295
4393 4294
4392 4293
4391 4292
4390 4291
4389 4290
4388 4289
4387 4288
4386 4287
4385 4286
4384 4285
4383 4284
4382 4283
4381 4282
4380 4281
4379 4280
4378 4279
4377 4278
4376 4277
4375 4276
4374 4275
4373 4274
4372 4273
4371 4272
4370 4271
4369 4270
4368 4269
4367 4268
4366 4267
4365 4266
4364 4265
4363 4264
4362 4263
4361 4262
4360 4261
4359 4260
4358 4259
4357 4258
4356 4257
4355 4256
4354 4255
4353 4254
4352 4253
4351 4252
4350 4251
4349 4250
4348 4249
4347 4248
4346 4247
4345 4246
4344 4245
4343 4244
4342 4243
4341 4242
4340 4241
4339 4240
4338 4239
4337 4238
4336 4237
4335 4236
4334 4235
4333 4234
4332 4233
4331 4232
4330 4231
4329 4230
4328 4229
4327 4228
4326 4227
4325 4226
4324 4225
4323 4224
4322 4223
4321 4222
4320 4221
4319 4220
4318 4219
4317 4218
4316 4217
4315 4216
4314 4215
4313 4214
4312 4213
4311 4212
4310 4211
4309 4210
4308 4209
4307 4208
4306 4207
4305 4206
4304 4205
4303 4204
4302 4203
4301 4202
4300 4201
4299 4200
4298 4199
4297 4198
4296 4197
4295 4196
4294 4195
4293 4194
4292 4193
4291 4192
4290 4191
4289 4190
4288 4189
4287 4188
4286 4187
4285 4186
4284 4185
4283 4184
4282 4183
4281 4182
4280 4181
4279 4180
4278 4179
4277 4178
4276 4177
4275 4176
4274 4175
4273 4174
4272 4173
4271 4172
4270 4171
4269 4170
4268 4169
4267 4168
4266 4167
4265 4166
4264 4165
4263 4164
4262 4163
4261 4162
4260 4161
4259 4160
4258 4159
4257 4158
4256 4157
4255 4156
4254 4155
4253 4154
4252 4153
4251 4152
4250 4151
4249 4150
4248 4149
4247 4148
4246 4147
4245 4146
4244 4145
4243 4144
4242 4143
4241 4142
4240 4141
4239 4140
4238 4139
4237 4138
4236 4137
4235 4136
4234 4135
4233 4134
4232 4133
4231 4132
4230 4131
4229 4130
4228 4129
4227 4128
4226 4127
4225 4126
4224 4125
4223 4124
4222 4123
4221 4122
4220 4121
4219 4120
4218 4119
4217 4118
4216 4117
4215 4116
4214 4115
4213 4114
4212 4113
4211 4112
4210 4111
4209 4110
4208 4109
4207 4108
4206 4107
4205 4106
4204 4105
4203 4104
4202 4103
4201 4102
4200 4101
4199 4100
4198 4099
4197 4098
4196 4097
4195 4096
4194 4095
4193 4094
4192 4093
4191 4092
4190 4091
4189 4090
4188 4089
4187 4088
4186 4087
4185 4086
4184 4085
4183 4084
4182 4083
4181 4082
4180 4081
4179 4080
4178 4079
4177 4078
4176 4077
4175 4076
4174 4075
4173 4074
4172 4073
4171 4072
4170 4071
4169 4070
4168 4069
4167 4068
4166 4067
4165 4066
4164 4065
4163 4064
4162 4063
4161 4062
4160 4061
4159 4060
4158 4059
4157 4058
4156 4057
4155 4056
4154 4055
4153 4054
4152 4053
4151 4052
4150 4051
4149 4050
4148 4049
4147 4048
4146 4047
4145 4046
4144 4045
4143 4044
4142 4043
4141 4042
4140 4041
4139 4040
4138 4039
4137 4038
4136 4037
4135 4036
4134 4035
4133 4034
4132 4033
4131 4032
4130 4031
4129 4030
4128 4029
4127 4028
4126 4027
4125 4026
4124 4025
4123 4024
4122 4023
4121 4022
4120 4021
4119 4020
4118 4019
4117 4018
4116 4017
4115 4016
4114 4015
4113 4014
4112 4013
4111 4012
4110 4011
4109 4010
4108 4009
4107 4008
4106 4007
4105 4006
4104 4005
4103 4004
4102 4003
4101 4002
4100 4001
4099 4000
4098 3999
4097 3998
4096 3997
4095 3996
4094 3995
4093 3994
4092 3993
4091 3992
4090 3991
4089 3990
4088 3989
4087 3988
4086 3987
4085 3986
4084 3985
4083 3984
4082 3983
4081 3982
4080 3981
4079 3980
4078 3979
4077 3978
4076 3977
4075 3976
4074 3975
4073 3974
4072 3973
4071 3972
4070 3971
4069 3970
4068 3969
4067 3968
4066 3967
4065 3966
4064 3965
4063 3964
4062 3963
4061 3962
4060 3961
4059 3960
4058 3959
4057 3958
4056 3957
4055 3956
4054 3955
4053 3954
4052 3953
4051 3952
4050 3951
4049 3950
4048 3949
4047 3948
4046 3947
4045 3946
4044 3945
4043 3944
4042 3943
4041 3942
4040 3941
4039 3940
4038 3939
4037 3938
4036 3937
4035 3936
4034 3935
4033 3934
4032 3933
4031 3932
4030 3931
4029 3930
4028 3929
4027 3928
4026 3927
4025 3926
4024 3925
4023 3924
4022 3923
4021 3922
4020 3921
4019 3920
4018 3919
4017 3918
4016 3917
4015 3916
4014 3915
4013 3914
4012 3913
4011 3912
4010 3911
4009 3910
4008 3909
4007 3908
4006 3907
4005 3906
4004 3905
4003 3904
4002 3903
4001 3902
4000 3901
3999 3900
3998 3899
3997 3898
3996 3897
3995 3896
3994 3895
3993 3894
3992 3893
3991 3892
3990 3891
3989 3890
3988 3889
3987 3888
3986 3887
3985 3886
3984 3885
3983 3884
3982 3883
3981 3882
3980 3881
3979 3880
3978 3879
3977 3878
3976 3877
3975 3876
3974 3875
3973 3874
3972 3873
3971 3872
3970 3871
3969 3870
3968 3869
3967 3868
3966 3867
3965 3866
3964 3865
3963 3864
3962 3863
3961 3862
3960 3861
3959 3860
3958 3859
3957 3858
3956 3857
3955 3856
3954 3855
3953 3854
3952 3853
3951 3852
3950 3851
3949 3850
3948 3849
3947 3848
3946 3847
3945 3846
3944 3845
3943 3844
3942 3843
3941 3842
3940 3841
3939 3840
3938 3839
3937 3838
3936 3837
3935 3836
3934 3835
3933 3834
3932 3833
3931 3832
3930 3831
3929 3830
3928 3829
3927 3828
3926 3827
3925 3826
3924 3825
3923 3824
3922 3823
3921 3822
3920 3821
3919 3820
3918 3819
3917 3818
3916 3817
3915 3816
3914 3815
3913 3814
3912 3813
3911 3812
3910 3811
3909 3810
3908 3809
3907 3808
3906 3807
3905 3806
3904 3805
3903 3804
3902 3803
3901 3802
3900 3801
3899 3800
3898 3799
3897 3798
3896 3797
3895 3796
3894 3795
3893 3794
3892 3793
3891 3792
3890 3791
3889 3790
3888 3789
3887 3788
3886 3787
3885 3786
3884 3785
3883 3784
3882 3783
3881 3782
3880 3781
3879 3780
3878 3779
3877 3778
3876 3777
3875 3776
3874 3775
3873 3774
3872 3773
3871 3772
3870 3771
3869 3770
3868 3769
3867 3768
3866 3767
3865 3766
3864 3765
3863 3764
3862 3763
3861 3762
3860 3761
3859 3760
3858 3759
3857 3758
3856 3757
3855 3756
3854 3755
3853 3754
3852 3753
3851 3752
3850 3751
3849 3750
3848 3749
3847 3748
3846 3747
3845 3746
3844 3745
3843 3744
3842 3743
3841 3742
3840 3741
3839 3740
3838 3739
3837 3738
3836 3737
3835 3736
3834 3735
3833 3734
3832 3733
3831 3732
3830 3731
3829 3730
3828 3729
3827 3728
3826 3727
3825 3726
3824 3725
3823 3724
3822 3723
3821 3722
3820 3721
3819 3720
3818 3719
3817 3718
3816 3717
3815 3716
3814 3715
3813 3714
3812 3713
3811 3712
3810 3711
3809 3710
3808 3709
3807 3708
3806 3707
3805 3706
3804 3705
3803 3704
3802 3703
3801 3702
3800 3701
3799 3700
3798 3699
3797 3698
3796 3697
3795 3696
3794 3695
3793 3694
3792 3693
3791 3692
3790 3691
3789 3690
3788 3689
3787 3688
3786 3687
3785 3686
3784 3685
3783 3684
3782 3683
3781 3682
3780 3681
3779 3680
3778 3679
3777 3678
3776 3677
3775 3676
3774 3675
3773 3674
3772 3673
3771 3672
3770 3671
3769 3670
3768 3669
3767 3668
3766 3667
3765 3666
3764 3665
3763 3664
3762 3663
3761 3662
3760 3661
3759 3660
3758 3659
3757 3658
3756 3657
3755 3656
3754 3655
3753 3654
3752 3653
3751 3652
3750 3651
3749 3650
3748 3649
3747 3648
3746 3647
3745 3646
3744 3645
3743 3644
3742 3643
3741 3642
3740 3641
3739 3640
3738 3639
3737 3638
3736 3637
3735 3636
3734 3635
3733 3634
3732 3633
3731 3632
3730 3631
3729 3630
3728 3629
3727 3628
3726 3627
3725 3626
3724 3625
3723 3624
3722 3623
3721 3622
3720 3621
3719 3620
3718 3619
3717 3618
3716 3617
3715 3616
3714 3615
3713 3614
3712 3613
3711 3612
3710 3611
3709 3610
3708 3609
3707 3608
3706 3607
3705 3606
3704 3605
3703 3604
3702 3603
3701 3602
3700 3601
3699 3600
3698 3599
3697 3598
3696 3597
3695 3596
3694 3595
3693 3594
3692 3593
3691 3592
3690 3591
3689 3590
3688 3589
3687 3588
3686 3587
3685 3586
3684 3585
3683 3584
3682 3583
3681 3582
3680 3581
3679 3580
3678 3579
3677 3578
3676 3577
3675 3576
3674 3575
3673 3574
3672 3573
3671 3572
3670 3571
3669 3570
3668 3569
3667 3568
3666 3567
3665 3566
3664 3565
3663 3564
3662 3563
3661 3562
3660 3561
3659 3560
3658 3559
3657 3558
3656 3557
3655 3556
3654 3555
3653 3554
3652 3553
3651 3552
3650 3551
3649 3550
3648 3549
3647 3548
3646 3547
3645 3546
3644 3545
3643 3544
3642 3543
3641 3542
3640 3541
3639 3540
3638 3539
3637 3538
3636 3537
3635 3536
3634 3535
3633 3534
3632 3533
3631 3532
3630 3531
3629 3530
3628 3529
3627 3528
3626 3527
3625 3526
3624 3525
3623 3524
3622 3523
3621 3522
3620 3521
3619 3520
3618 3519
3617 3518
3616 3517
3615 3516
3614 3515
3613 3514
3612 3513
3611 3512
3610 3511
3609 3510
3608 3509
3607 3508
3606 3507
3605 3506
3604 3505
3603 3504
3602 3503
3601 3502
3600 3501
3599 3500
3598 3499
3597 3498
3596 3497
3595 3496
3594 3495
3593 3494
3592 3493
3591 3492
3590 3491
3589 3490
3588 3489
3587 3488
3586 3487
3585 3486
3584 3485
3583 3484
3582 3483
3581 3482
3580 3481
3579 3480
3578 3479
3577 3478
3576 3477
3575 3476
3574 3475
3573 3474
3572 3473
3571 3472
3570 3471
3569 3470
3568 3469
3567 3468
3566 3467
3565 3466
3564 3465
3563 3464
3562 3463
3561 3462
3560 3461
3559 3460
3558 3459
3557 3458
3556 3457
3555 3456
3554 3455
3553 3454
3552 3453
3551 3452
3550 3451
3549 3450
3548 3449
3547 3448
3546 3447
3545 3446
3544 3445
3543 3444
3542 3443
3541 3442
3540 3441
3539 3440
3538 3439
3537 3438
3536 3437
3535 3436
3534 3435
3533 3434
3532 3433
3531 3432
3530 3431
3529 3430
3528 3429
3527 3428
3526 3427
3525 3426
3524 3425
3523 3424
3522 3423
3521 3422
3520 3421
3519 3420
3518 3419
3517 3418
3516 3417
3515 3416
3514 3415
3513 3414
3512 3413
3511 3412
3510 3411
3509 3410
3508 3409
3507 3408
3506 3407
3505 3406
3504 3405
3503 3404
3502 3403
3501 3402
3500 3401
3499 3400
3498 3399
3497 3398
3496 3397
3495 3396
3494 3395
3493 3394
3492 3393
3491 3392
3490 3391
3489 3390
3488 3389
3487 3388
3486 3387
3485 3386
3484 3385
3483 3384
3482 3383
3481 3382
3480 3381
3479 3380
3478 3379
3477 3378
3476 3377
3475 3376
3474 3375
3473 3374
3472 3373
3471 3372
3470 3371
3469 3370
3468 3369
3467 3368
3466 3367
3465 3366
3464 3365
3463 3364
3462 3363
3461 3362
3460 3361
3459 3360
3458 3359
3457 3358
3456 3357
3455 3356
3454 3355
3453 3354
3452 3353
3451 3352
3450 3351
3449 3350
3448 3349
3447 3348
3446 3347
3445 3346
3444 3345
3443 3344
3442 3343
3441 3342
3440 3341
3439 3340
3438 3339
3437 3338
3436 3337
3435 3336
3434 3335
3433 3334
3432 3333
3431 3332
3430 3331
3429 3330
3428 3329
3427 3328
3426 3327
3425 3326
3424 3325
3423 3324
3422 3323
3421 3322
3420 3321
3419 3320
3418 3319
3417 3318
3416 3317
3415 3316
3414 3315
3413 3314
3412 3313
3411 3312
3410 3311
3409 3310
3408 3309
3407 3308
3406 3307
3405 3306
3404 3305
3403 3304
3402 3303
3401 3302
3400 3301
3399 3300
3398 3299
3397 3298
3396 3297
3395 3296
3394 3295
3393 3294
3392 3293
3391 3292
3390 3291
3389 3290
3388 3289
3387 3288
3386 3287
3385 3286
3384 3285
3383 3284
3382 3283
3381 3282
3380 3281
3379 3280
3378 3279
3377 3278
3376 3277
3375 3276
3374 3275
3373 3274
3372 3273
3371 3272
3370 3271
3369 3270
3368 3269
3367 3268
3366 3267
3365 3266
3364 3265
3363 3264
3362 3263
3361 3262
3360 3261
3359 3260
3358 3259
3357 3258
3356 3257
3355 3256
3354 3255
3353 3254
3352 3253
3351 3252
3350 3251
3349 3250
3348 3249
3347 3248
3346 3247
3345 3246
3344 3245
3343 3244
3342 3243
3341 3242
3340 3241
3339 3240
3338 3239
3337 3238
3336 3237
3335 3236
3334 3235
3333 3234
3332 3233
3331 3232
3330 3231
3329 3230
3328 3229
3327 3228
3326 3227
3325 3226
3324 3225
3323 3224
3322 3223
3321 3222
3320 3221
3319 3220
3318 3219
3317 3218
3316 3217
3315 3216
3314 3215
3313 3214
3312 3213
3311 3212
3310 3211
3309 3210
3308 3209
3307 3208
3306 3207
3305 3206
3304 3205
3303 3204
3302 3203
3301 3202
3300 3201
3299 3200
3298 3199
3297 3198
3296 3197
3295 3196
3294 3195
3293 3194
3292 3193
3291 3192
3290 3191
3289 3190
3288 3189
3287 3188
3286 3187
3285 3186
3284 3185
3283 3184
3282 3183
3281 3182
3280 3181
3279 3180
3278 3179
3277 3178
3276 3177
3275 3176
3274 3175
3273 3174
3272 3173
3271 3172
3270 3171
3269 3170
3268 3169
3267 3168
3266 3167
3265 3166
3264 3165
3263 3164
3262 3163
3261 3162
3260 3161
3259 3160
3258 3159
3257 3158
3256 3157
3255 3156
3254 3155
3253 3154
3252 3153
3251 3152
3250 3151
3249 3150
3248 3149
3247 3148
3246 3147
3245 3146
3244 3145
3243 3144
3242 3143
3241 3142
3240 3141
3239 3140
3238 3139
3237 3138
3236 3137
3235 3136
3234 3135
3233 3134
3232 3133
3231 3132
3230 3131
3229 3130
3228 3129
3227 3128
3226 3127
3225 3126
3224 3125
3223 3124
3222 3123
3221 3122
3220 3121
3219 3120
3218 3119
3217 3118
3216 3117
3215 3116
3214 3115
3213 3114
3212 3113
3211 3112
3210 3111
3209 3110
3208 3109
3207 3108
3206 3107
3205 3106
3204 3105
3203 3104
3202 3103
3201 3102
3200 3101
3199 3100
3198 3099
3197 3098
3196 3097
3195 3096
3194 3095
3193 3094
3192 3093
3191 3092
3190 3091
3189 3090
3188 3089
3187 3088
3186 3087
3185 3086
3184 3085
3183 3084
3182 3083
3181 3082
3180 3081
3179 3080
3178 3079
3177 3078
3176 3077
3175 3076
3174 3075
3173 3074
3172 3073
3171 3072
3170 3071
3169 3070
3168 3069
3167 3068
3166 3067
3165 3066
3164 3065
3163 3064
3162 3063
3161 3062
3160 3061
3159 3060
3158 3059
3157 3058
3156 3057
3155 3056
3154 3055
3153 3054
3152 3053
3151 3052
3150 3051
3149 3050
3148 3049
3147 3048
3146 3047
3145 3046
3144 3045
3143 3044
3142 3043
3141 3042
3140 3041
3139 3040
3138 3039
3137 3038
3136 3037
3135 3036
3134 3035
3133 3034
3132 3033
3131 3032
3130 3031
3129 3030
3128 3029
3127 3028
3126 3027
3125 3026
3124 3025
3123 3024
3122 3023
3121 3022
3120 3021
3119 3020
3118 3019
3117 3018
3116 3017
3115 3016
3114 3015
3113 3014
3112 3013
3111 3012
3110 3011
3109 3010
3108 3009
3107 3008
3106 3007
3105 3006
3104 3005
3103 3004
3102 3003
3101 3002
3100 3001
3099 3000
3098 2999
3097 2998
3096 2997
3095 2996
3094 2995
3093 2994
3092 2993
3091 2992
3090 2991
3089 2990
3088 2989
3087 2988
3086 2987
3085 2986
3084 2985
3083 2984
3082 2983
3081 2982
3080 2981
3079 2980
3078 2979
3077 2978
3076 2977
3075 2976
3074 2975
3073 2974
3072 2973
3071 2972
3070 2971
3069 2970
3068 2969
3067 2968
3066 2967
3065 2966
3064 2965
3063 2964
3062 2963
3061 2962
3060 2961
3059 2960
3058 2959
3057 2958
3056 2957
3055 2956
3054 2955
3053 2954
3052 2953
3051 2952
3050 2951
3049 2950
3048 2949
3047 2948
3046 2947
3045 2946
3044 2945
3043 2944
3042 2943
3041 2942
3040 2941
3039 2940
3038 2939
3037 2938
3036 2937
3035 2936
3034 2935
3033 2934
3032 2933
3031 2932
3030 2931
3029 2930
3028 2929
3027 2928
3026 2927
3025 2926
3024 2925
3023 2924
3022 2923
3021 2922
3020 2921
3019 2920
3018 2919
3017 2918
3016 2917
3015 2916
3014 2915
3013 2914
3012 2913
3011 2912
3010 2911
3009 2910
3008 2909
3007 2908
3006 2907
3005 2906
3004 2905
3003 2904
3002 2903
3001 2902
3000 2901
2999 2900
2998 2899
2997 2898
2996 2897
2995 2896
2994 2895
2993 2894
2992 2893
2991 2892
2990 2891
2989 2890
2988 2889
2987 2888
2986 2887
2985 2886
2984 2885
2983 2884
2982 2883
2981 2882
2980 2881
2979 2880
2978 2879
2977 2878
2976 2877
2975 2876
2974 2875
2973 2874
2972 2873
2971 2872
2970 2871
2969 2870
2968 2869
2967 2868
2966 2867
2965 2866
2964 2865
2963 2864
2962 2863
2961 2862
2960 2861
2959 2860
2958 2859
2957 2858
2956 2857
2955 2856
2954 2855
2953 2854
2952 2853
2951 2852
2950 2851
2949 2850
2948 2849
2947 2848
2946 2847
2945 2846
2944 2845
2943 2844
2942 2843
2941 2842
2940 2841
2939 2840
2938 2839
2937 2838
2936 2837
2935 2836
2934 2835
2933 2834
2932 2833
2931 2832
2930 2831
2929 2830
2928 2829
2927 2828
2926 2827
2925 2826
2924 2825
2923 2824
2922 2823
2921 2822
2920 2821
2919 2820
2918 2819
2917 2818
2916 2817
2915 2816
2914 2815
2913 2814
2912 2813
2911 2812
2910 2811
2909 2810
2908 2809
2907 2808
2906 2807
2905 2806
2904 2805
2903 2804
2902 2803
2901 2802
2900 2801
2899 2800
2898 2799
2897 2798
2896 2797
2895 2796
2894 2795
2893 2794
2892 2793
2891 2792
2890 2791
2889 2790
2888 2789
2887 2788
2886 2787
2885 2786
2884 2785
2883 2784
2882 2783
2881 2782
2880 2781
2879 2780
2878 2779
2877 2778
2876 2777
2875 2776
2874 2775
2873 2774
2872 2773
2871 2772
2870 2771
2869 2770
2868 2769
2867 2768
2866 2767
2865 2766
2864 2765
2863 2764
2862 2763
2861 2762
2860 2761
2859 2760
2858 2759
2857 2758
2856 2757
2855 2756
2854 2755
2853 2754
2852 2753
2851 2752
2850 2751
2849 2750
2848 2749
2847 2748
2846 2747
2845 2746
2844 2745
2843 2744
2842 2743
2841 2742
2840 2741
2839 2740
2838 2739
2837 2738
2836 2737
2835 2736
2834 2735
2833 2734
2832 2733
2831 2732
2830 2731
2829 2730
2828 2729
2827 2728
2826 2727
2825 2726
2824 2725
2823 2724
2822 2723
2821 2722
2820 2721
2819 2720
2818 2719
2817 2718
2816 2717
2815 2716
2814 2715
2813 2714
2812 2713
2811 2712
2810 2711
2809 2710
2808 2709
2807 2708
2806 2707
2805 2706
2804 2705
2803 2704
2802 2703
2801 2702
2800 2701
2799 2700
2798 2699
2797 2698
2796 2697
2795 2696
2794 2695
2793 2694
2792 2693
2791 2692
2790 2691
2789 2690
2788 2689
2787 2688
2786 2687
2785 2686
2784 2685
2783 2684
2782 2683
2781 2682
2780 2681
2779 2680
2778 2679
2777 2678
2776 2677
2775 2676
2774 2675
2773 2674
2772 2673
2771 2672
2770 2671
2769 2670
2768 2669
2767 2668
2766 2667
2765 2666
2764 2665
2763 2664
2762 2663
2761 2662
2760 2661
2759 2660
2758 2659
2757 2658
2756 2657
2755 2656
2754 2655
2753 2654
2752 2653
2751 2652
2750 2651
2749 2650
2748 2649
2747 2648
2746 2647
2745 2646
2744 2645
2743 2644
2742 2643
2741 2642
2740 2641
2739 2640
2738 2639
2737 2638
2736 2637
2735 2636
2734 2635
2733 2634
2732 2633
2731 2632
2730 2631
2729 2630
2728 2629
2727 2628
2726 2627
2725 2626
2724 2625
2723 2624
2722 2623
2721 2622
2720 2621
2719 2620
2718 2619
2717 2618
2716 2617
2715 2616
2714 2615
2713 2614
2712 2613
2711 2612
2710 2611
2709 2610
2708 2609
2707 2608
2706 2607
2705 2606
2704 2605
2703 2604
2702 2603
2701 2602
2700 2601
2699 2600
2698 2599
2697 2598
2696 2597
2695 2596
2694 2595
2693 2594
2692 2593
2691 2592
2690 2591
2689 2590
2688 2589
2687 2588
2686 2587
2685 2586
2684 2585
2683 2584
2682 2583
2681 2582
2680 2581
2679 2580
2678 2579
2677 2578
2676 2577
2675 2576
2674 2575
2673 2574
2672 2573
2671 2572
2670 2571
2669 2570
2668 2569
2667 2568
2666 2567
2665 2566
2664 2565
2663 2564
2662 2563
2661 2562
2660 2561
2659 2560
2658 2559
2657 2558
2656 2557
2655 2556
2654 2555
2653 2554
2652 2553
2651 2552
2650 2551
2649 2550
2648 2549
2647 2548
2646 2547
2645 2546
2644 2545
2643 2544
2642 2543
2641 2542
2640 2541
2639 2540
2638 2539
2637 2538
2636 2537
2635 2536
2634 2535
2633 2534
2632 2533
2631 2532
2630 2531
2629 2530
2628 2529
2627 2528
2626 2527
2625 2526
2624 2525
2623 2524
2622 2523
2621 2522
2620 2521
2619 2520
2618 2519
2617 2518
2616 2517
2615 2516
2614 2515
2613 2514
2612 2513
2611 2512
2610 2511
2609 2510
2608 2509
2607 2508
2606 2507
2605 2506
2604 2505
2603 2504
2602 2503
2601 2502
2600 2501
2599 2500
2598 2499
2597 2498
2596 2497
2595 2496
2594 2495
2593 2494
2592 2493
2591 2492
2590 2491
2589 2490
2588 2489
2587 2488
2586 2487
2585 2486
2584 2485
2583 2484
2582 2483
2581 2482
2580 2481
2579 2480
2578 2479
2577 2478
2576 2477
2575 2476
2574 2475
2573 2474
2572 2473
2571 2472
2570 2471
2569 2470
2568 2469
2567 2468
2566 2467
2565 2466
2564 2465
2563 2464
2562 2463
2561 2462
2560 2461
2559 2460
2558 2459
2557 2458
2556 2457
2555 2456
2554 2455
2553 2454
2552 2453
2551 2452
2550 2451
2549 2450
2548 2449
2547 2448
2546 2447
2545 2446
2544 2445
2543 2444
2542 2443
2541 2442
2540 2441
2539 2440
2538 2439
2537 2438
2536 2437
2535 2436
2534 2435
2533 2434
2532 2433
2531 2432
2530 2431
2529 2430
2528 2429
2527 2428
2526 2427
2525 2426
2524 2425
2523 2424
2522 2423
2521 2422
2520 2421
2519 2420
2518 2419
2517 2418
2516 2417
2515 2416
2514 2415
2513 2414
2512 2413
2511 2412
2510 2411
2509 2410
2508 2409
2507 2408
2506 2407
2505 2406
2504 2405
2503 2404
2502 2403
2501 2402
2500 2401
2499 2400
2498 2399
2497 2398
2496 2397
2495 2396
2494 2395
2493 2394
2492 2393
2491 2392
2490 2391
2489 2390
2488 2389
2487 2388
2486 2387
2485 2386
2484 2385
2483 2384
2482 2383
2481 2382
2480 2381
2479 2380
2478 2379
2477 2378
2476 2377
2475 2376
2474 2375
2473 2374
2472 2373
2471 2372
2470 2371
2469 2370
2468 2369
2467 2368
2466 2367
2465 2366
2464 2365
2463 2364
2462 2363
2461 2362
2460 2361
2459 2360
2458 2359
2457 2358
2456 2357
2455 2356
2454 2355
2453 2354
2452 2353
2451 2352
2450 2351
2449 2350
2448 2349
2447 2348
2446 2347
2445 2346
2444 2345
2443 2344
2442 2343
2441 2342
2440 2341
2439 2340
2438 2339
2437 2338
2436 2337
2435 2336
2434 2335
2433 2334
2432 2333
2431 2332
2430 2331
2429 2330
2428 2329
2427 2328
2426 2327
2425 2326
2424 2325
2423 2324
2422 2323
2421 2322
2420 2321
2419 2320
2418 2319
2417 2318
2416 2317
2415 2316
2414 2315
2413 2314
2412 2313
2411 2312
2410 2311
2409 2310
2408 2309
2407 2308
2406 2307
2405 2306
2404 2305
2403 2304
2402 2303
2401 2302
2400 2301
2399 2300
2398 2299
2397 2298
2396 2297
2395 2296
2394 2295
2393 2294
2392 2293
2391 2292
2390 2291
2389 2290
2388 2289
2387 2288
2386 2287
2385 2286
2384 2285
2383 2284
2382 2283
2381 2282
2380 2281
2379 2280
2378 2279
2377 2278
2376 2277
2375 2276
2374 2275
2373 2274
2372 2273
2371 2272
2370 2271
2369 2270
2368 2269
2367 2268
2366 2267
2365 2266
2364 2265
2363 2264
2362 2263
2361 2262
2360 2261
2359 2260
2358 2259
2357 2258
2356 2257
2355 2256
2354 2255
2353 2254
2352 2253
2351 2252
2350 2251
2349 2250
2348 2249
2347 2248
2346 2247
2345 2246
2344 2245
2343 2244
2342 2243
2341 2242
2340 2241
2339 2240
2338 2239
2337 2238
2336 2237
2335 2236
2334 2235
2333 2234
2332 2233
2331 2232
2330 2231
2329 2230
2328 2229
2327 2228
2326 2227
2325 2226
2324 2225
2323 2224
2322 2223
2321 2222
2320 2221
2319 2220
2318 2219
2317 2218
2316 2217
2315 2216
2314 2215
2313 2214
2312 2213
2311 2212
2310 2211
2309 2210
2308 2209
2307 2208
2306 2207
2305 2206
2304 2205
2303 2204
2302 2203
2301 2202
2300 2201
2299 2200
2298 2199
2297 2198
2296 2197
2295 2196
2294 2195
2293 2194
2292 2193
2291 2192
2290 2191
2289 2190
2288 2189
2287 2188
2286 2187
2285 2186
2284 2185
2283 2184
2282 2183
2281 2182
2280 2181
2279 2180
2278 2179
2277 2178
2276 2177
2275 2176
2274 2175
2273 2174
2272 2173
2271 2172
2270 2171
2269 2170
2268 2169
2267 2168
2266 2167
2265 2166
2264 2165
2263 2164
2262 2163
2261 2162
2260 2161
2259 2160
2258 2159
2257 2158
2256 2157
2255 2156
2254 2155
2253 2154
2252 2153
2251 2152
2250 2151
2249 2150
2248 2149
2247 2148
2246 2147
2245 2146
2244 2145
2243 2144
2242 2143
2241 2142
2240 2141
2239 2140
2238 2139
2237 2138
2236 2137
2235 2136
2234 2135
2233 2134
2232 2133
2231 2132
2230 2131
2229 2130
2228 2129
2227 2128
2226 2127
2225 2126
2224 2125
2223 2124
2222 2123
2221 2122
2220 2121
2219 2120
2218 2119
2217 2118
2216 2117
2215 2116
2214 2115
2213 2114
2212 2113
2211 2112
2210 2111
2209 2110
2208 2109
2207 2108
2206 2107
2205 2106
2204 2105
2203 2104
2202 2103
2201 2102
2200 2101
2199 2100
2198 2099
2197 2098
2196 2097
2195 2096
2194 2095
2193 2094
2192 2093
2191 2092
2190 2091
2189 2090
2188 2089
2187 2088
2186 2087
2185 2086
2184 2085
2183 2084
2182 2083
2181 2082
2180 2081
2179 2080
2178 2079
2177 2078
2176 2077
2175 2076
2174 2075
2173 2074
2172 2073
2171 2072
2170 2071
2169 2070
2168 2069
2167 2068
2166 2067
2165 2066
2164 2065
2163 2064
2162 2063
2161 2062
2160 2061
2159 2060
2158 2059
2157 2058
2156 2057
2155 2056
2154 2055
2153 2054
2152 2053
2151 2052
2150 2051
2149 2050
2148 2049
2147 2048
2146 2047
2145 2046
2144 2045
2143 2044
2142 2043
2141 2042
2140 2041
2139 2040
2138 2039
2137 2038
2136 2037
2135 2036
2134 2035
2133 2034
2132 2033
2131 2032
2130 2031
2129 2030
2128 2029
2127 2028
2126 2027
2125 2026
2124 2025
2123 2024
2122 2023
2121 2022
2120 2021
2119 2020
2118 2019
2117 2018
2116 2017
2115 2016
2114 2015
2113 2014
2112 2013
2111 2012
2110 2011
2109 2010
2108 2009
2107 2008
2106 2007
2105 2006
2104 2005
2103 2004
2102 2003
2101 2002
2100 2001
2099 2000
2098 1999
2097 1998
2096 1997
2095 1996
2094 1995
2093 1994
2092 1993
2091 1992
2090 1991
2089 1990
2088 1989
2087 1988
2086 1987
2085 1986
2084 1985
2083 1984
2082 1983
2081 1982
2080 1981
2079 1980
2078 1979
2077 1978
2076 1977
2075 1976
2074 1975
2073 1974
2072 1973
2071 1972
2070 1971
2069 1970
2068 1969
2067 1968
2066 1967
2065 1966
2064 1965
2063 1964
2062 1963
2061 1962
2060 1961
2059 1960
2058 1959
2057 1958
2056 1957
2055 1956
2054 1955
2053 1954
2052 1953
2051 1952
2050 1951
2049 1950
2048 1949
2047 1948
2046 1947
2045 1946
2044 1945
2043 1944
2042 1943
2041 1942
2040 1941
2039 1940
2038 1939
2037 1938
2036 1937
2035 1936
2034 1935
2033 1934
2032 1933
2031 1932
2030 1931
2029 1930
2028 1929
2027 1928
2026 1927
2025 1926
2024 1925
2023 1924
2022 1923
2021 1922
2020 1921
2019 1920
2018 1919
2017 1918
2016 1917
2015 1916
2014 1915
2013 1914
2012 1913
2011 1912
2010 1911
2009 1910
2008 1909
2007 1908
2006 1907
2005 1906
2004 1905
2003 1904
2002 1903
2001 1902
2000 1901
1999 1900
1998 1899
1997 1898
1996 1897
1995 1896
1994 1895
1993 1894
1992 1893
1991 1892
1990 1891
1989 1890
1988 1889
1987 1888
1986 1887
1985 1886
1984 1885
1983 1884
1982 1883
1981 1882
1980 1881
1979 1880
1978 1879
1977 1878
1976 1877
1975 1876
1974 1875
1973 1874
1972 1873
1971 1872
1970 1871
1969 1870
1968 1869
1967 1868
1966 1867
1965 1866
1964 1865
1963 1864
1962 1863
1961 1862
1960 1861
1959 1860
1958 1859
1957 1858
1956 1857
1955 1856
1954 1855
1953 1854
1952 1853
1951 1852
1950 1851
1949 1850
1948 1849
1947 1848
1946 1847
1945 1846
1944 1845
1943 1844
1942 1843
1941 1842
1940 1841
1939 1840
1938 1839
1937 1838
1936 1837
1935 1836
1934 1835
1933 1834
1932 1833
1931 1832
1930 1831
1929 1830
1928 1829
1927 1828
1926 1827
1925 1826
1924 1825
1923 1824
1922 1823
1921 1822
1920 1821
1919 1820
1918 1819
1917 1818
1916 1817
1915 1816
1914 1815
1913 1814
1912 1813
1911 1812
1910 1811
1909 1810
1908 1809
1907 1808
1906 1807
1905 1806
1904 1805
1903 1804
1902 1803
1901 1802
1900 1801
1899 1800
1898 1799
1897 1798
1896 1797
1895 1796
1894 1795
1893 1794
1892 1793
1891 1792
1890 1791
1889 1790
1888 1789
1887 1788
1886 1787
1885 1786
1884 1785
1883 1784
1882 1783
1881 1782
1880 1781
1879 1780
1878 1779
1877 1778
1876 1777
1875 1776
1874 1775
1873 1774
1872 1773
1871 1772
1870 1771
1869 1770
1868 1769
1867 1768
1866 1767
1865 1766
1864 1765
1863 1764
1862 1763
1861 1762
1860 1761
1859 1760
1858 1759
1857 1758
1856 1757
1855 1756
1854 1755
1853 1754
1852 1753
1851 1752
1850 1751
1849 1750
1848 1749
1847 1748
1846 1747
1845 1746
1844 1745
1843 1744
1842 1743
1841 1742
1840 1741
1839 1740
1838 1739
1837 1738
1836 1737
1835 1736
1834 1735
1833 1734
1832 1733
1831 1732
1830 1731
1829 1730
1828 1729
1827 1728
1826 1727
1825 1726
1824 1725
1823 1724
1822 1723
1821 1722
1820 1721
1819 1720
1818 1719
1817 1718
1816 1717
1815 1716
1814 1715
1813 1714
1812 1713
1811 1712
1810 1711
1809 1710
1808 1709
1807 1708
1806 1707
1805 1706
1804 1705
1803 1704
1802 1703
1801 1702
1800 1701
1799 1700
1798 1699
1797 1698
1796 1697
1795 1696
1794 1695
1793 1694
1792 1693
1791 1692
1790 1691
1789 1690
1788 1689
1787 1688
1786 1687
1785 1686
1784 1685
1783 1684
1782 1683
1781 1682
1780 1681
1779 1680
1778 1679
1777 1678
1776 1677
1775 1676
1774 1675
1773 1674
1772 1673
1771 1672
1770 1671
1769 1670
1768 1669
1767 1668
1766 1667
1765 1666
1764 1665
1763 1664
1762 1663
1761 1662
1760 1661
1759 1660
1758 1659
1757 1658
1756 1657
1755 1656
1754 1655
1753 1654
1752 1653
1751 1652
1750 1651
1749 1650
1748 1649
1747 1648
1746 1647
1745 1646
1744 1645
1743 1644
1742 1643
1741 1642
1740 1641
1739 1640
1738 1639
1737 1638
1736 1637
1735 1636
1734 1635
1733 1634
1732 1633
1731 1632
1730 1631
1729 1630
1728 1629
1727 1628
1726 1627
1725 1626
1724 1625
1723 1624
1722 1623
1721 1622
1720 1621
1719 1620
1718 1619
1717 1618
1716 1617
1715 1616
1714 1615
1713 1614
1712 1613
1711 1612
1710 1611
1709 1610
1708 1609
1707 1608
1706 1607
1705 1606
1704 1605
1703 1604
1702 1603
1701 1602
1700 1601
1699 1600
1698 1599
1697 1598
1696 1597
1695 1596
1694 1595
1693 1594
1692 1593
1691 1592
1690 1591
1689 1590
1688 1589
1687 1588
1686 1587
1685 1586
1684 1585
1683 1584
1682 1583
1681 1582
1680 1581
1679 1580
1678 1579
1677 1578
1676 1577
1675 1576
1674 1575
1673 1574
1672 1573
1671 1572
1670 1571
1669 1570
1668 1569
1667 1568
1666 1567
1665 1566
1664 1565
1663 1564
1662 1563
1661 1562
1660 1561
1659 1560
1658 1559
1657 1558
1656 1557
1655 1556
1654 1555
1653 1554
1652 1553
1651 1552
1650 1551
1649 1550
1648 1549
1647 1548
1646 1547
1645 1546
1644 1545
1643 1544
1642 1543
1641 1542
1640 1541
1639 1540
1638 1539
1637 1538
1636 1537
1635 1536
1634 1535
1633 1534
1632 1533
1631 1532
1630 1531
1629 1530
1628 1529
1627 1528
1626 1527
1625 1526
1624 1525
1623 1524
1622 1523
1621 1522
1620 1521
1619 1520
1618 1519
1617 1518
1616 1517
1615 1516
1614 1515
1613 1514
1612 1513
1611 1512
1610 1511
1609 1510
1608 1509
1607 1508
1606 1507
1605 1506
1604 1505
1603 1504
1602 1503
1601 1502
1600 1501
1599 1500
1598 1499
1597 1498
1596 1497
1595 1496
1594 1495
1593 1494
1592 1493
1591 1492
1590 1491
1589 1490
1588 1489
1587 1488
1586 1487
1585 1486
1584 1485
1583 1484
1582 1483
1581 1482
1580 1481
1579 1480
1578 1479
1577 1478
1576 1477
1575 1476
1574 1475
1573 1474
1572 1473
1571 1472
1570 1471
1569 1470
1568 1469
1567 1468
1566 1467
1565 1466
1564 1465
1563 1464
1562 1463
1561 1462
1560 1461
1559 1460
1558 1459
1557 1458
1556 1457
1555 1456
1554 1455
1553 1454
1552 1453
1551 1452
1550 1451
1549 1450
1548 1449
1547 1448
1546 1447
1545 1446
1544 1445
1543 1444
1542 1443
1541 1442
1540 1441
1539 1440
1538 1439
1537 1438
1536 1437
1535 1436
1534 1435
1533 1434
1532 1433
1531 1432
1530 1431
1529 1430
1528 1429
1527 1428
1526 1427
1525 1426
1524 1425
1523 1424
1522 1423
1521 1422
1520 1421
1519 1420
1518 1419
1517 1418
1516 1417
1515 1416
1514 1415
1513 1414
1512 1413
1511 1412
1510 1411
1509 1410
1508 1409
1507 1408
1506 1407
1505 1406
1504 1405
1503 1404
1502 1403
1501 1402
1500 1401
1499 1400
1498 1399
1497 1398
1496 1397
1495 1396
1494 1395
1493 1394
1492 1393
1491 1392
1490 1391
1489 1390
1488 1389
1487 1388
1486 1387
1485 1386
1484 1385
1483 1384
1482 1383
1481 1382
1480 1381
1479 1380
1478 1379
1477 1378
1476 1377
1475 1376
1474 1375
1473 1374
1472 1373
1471 1372
1470 1371
1469 1370
1468 1369
1467 1368
1466 1367
1465 1366
1464 1365
1463 1364
1462 1363
1461 1362
1460 1361
1459 1360
1458 1359
1457 1358
1456 1357
1455 1356
1454 1355
1453 1354
1452 1353
1451 1352
1450 1351
1449 1350
1448 1349
1447 1348
1446 1347
1445 1346
1444 1345
1443 1344
1442 1343
1441 1342
1440 1341
1439 1340
1438 1339
1437 1338
1436 1337
1435 1336
1434 1335
1433 1334
1432 1333
1431 1332
1430 1331
1429 1330
1428 1329
1427 1328
1426 1327
1425 1326
1424 1325
1423 1324
1422 1323
1421 1322
1420 1321
1419 1320
1418 1319
1417 1318
1416 1317
1415 1316
1414 1315
1413 1314
1412 1313
1411 1312
1410 1311
1409 1310
1408 1309
1407 1308
1406 1307
1405 1306
1404 1305
1403 1304
1402 1303
1401 1302
1400 1301
1399 1300
1398 1299
1397 1298
1396 1297
1395 1296
1394 1295
1393 1294
1392 1293
1391 1292
1390 1291
1389 1290
1388 1289
1387 1288
1386 1287
1385 1286
1384 1285
1383 1284
1382 1283
1381 1282
1380 1281
1379 1280
1378 1279
1377 1278
1376 1277
1375 1276
1374 1275
1373 1274
1372 1273
1371 1272
1370 1271
1369 1270
1368 1269
1367 1268
1366 1267
1365 1266
1364 1265
1363 1264
1362 1263
1361 1262
1360 1261
1359 1260
1358 1259
1357 1258
1356 1257
1355 1256
1354 1255
1353 1254
1352 1253
1351 1252
1350 1251
1349 1250
1348 1249
1347 1248
1346 1247
1345 1246
1344 1245
1343 1244
1342 1243
1341 1242
1340 1241
1339 1240
1338 1239
1337 1238
1336 1237
1335 1236
1334 1235
1333 1234
1332 1233
1331 1232
1330 1231
1329 1230
1328 1229
1327 1228
1326 1227
1325 1226
1324 1225
1323 1224
1322 1223
1321 1222
1320 1221
1319 1220
1318 1219
1317 1218
1316 1217
1315 1216
1314 1215
1313 1214
1312 1213
1311 1212
1310 1211
1309 1210
1308 1209
1307 1208
1306 1207
1305 1206
1304 1205
1303 1204
1302 1203
1301 1202
1300 1201
1299 1200
1298 1199
1297 1198
1296 1197
1295 1196
1294 1195
1293 1194
1292 1193
1291 1192
1290 1191
1289 1190
1288 1189
1287 1188
1286 1187
1285 1186
1284 1185
1283 1184
1282 1183
1281 1182
1280 1181
1279 1180
1278 1179
1277 1178
1276 1177
1275 1176
1274 1175
1273 1174
1272 1173
1271 1172
1270 1171
1269 1170
1268 1169
1267 1168
1266 1167
1265 1166
1264 1165
1263 1164
1262 1163
1261 1162
1260 1161
1259 1160
1258 1159
1257 1158
1256 1157
1255 1156
1254 1155
1253 1154
1252 1153
1251 1152
1250 1151
1249 1150
1248 1149
1247 1148
1246 1147
1245 1146
1244 1145
1243 1144
1242 1143
1241 1142
1240 1141
1239 1140
1238 1139
1237 1138
1236 1137
1235 1136
1234 1135
1233 1134
1232 1133
1231 1132
1230 1131
1229 1130
1228 1129
1227 1128
1226 1127
1225 1126
1224 1125
1223 1124
1222 1123
1221 1122
1220 1121
1219 1120
1218 1119
1217 1118
1216 1117
1215 1116
1214 1115
1213 1114
1212 1113
1211 1112
1210 1111
1209 1110
1208 1109
1207 1108
1206 1107
1205 1106
1204 1105
1203 1104
1202 1103
1201 1102
1200 1101
1199 1100
1198 1099
1197 1098
1196 1097
1195 1096
1194 1095
1193 1094
1192 1093
1191 1092
1190 1091
1189 1090
1188 1089
1187 1088
1186 1087
1185 1086
1184 1085
1183 1084
1182 1083
1181 1082
1180 1081
1179 1080
1178 1079
1177 1078
1176 1077
1175 1076
1174 1075
1173 1074
1172 1073
1171 1072
1170 1071
1169 1070
1168 1069
1167 1068
1166 1067
1165 1066
1164 1065
1163 1064
1162 1063
1161 1062
1160 1061
1159 1060
1158 1059
1157 1058
1156 1057
1155 1056
1154 1055
1153 1054
1152 1053
1151 1052
1150 1051
1149 1050
1148 1049
1147 1048
1146 1047
1145 1046
1144 1045
1143 1044
1142 1043
1141 1042
1140 1041
1139 1040
1138 1039
1137 1038
1136 1037
1135 1036
1134 1035
1133 1034
1132 1033
1131 1032
1130 1031
1129 1030
1128 1029
1127 1028
1126 1027
1125 1026
1124 1025
1123 1024
1122 1023
1121 1022
1120 1021
1119 1020
1118 1019
1117 1018
1116 1017
1115 1016
1114 1015
1113 1014
1112 1013
1111 1012
1110 1011
1109 1010
1108 1009
1107 1008
1106 1007
1105 1006
1104 1005
1103 1004
1102 1003
1101 1002
1100 1001
1099 1000
1098 999
1097 998
1096 997
1095 996
1094 995
1093 994
1092 993
1091 992
1090 991
1089 990
1088 989
1087 988
1086 987
1085 986
1084 985
1083 984
1082 983
1081 982
1080 981
1079 980
1078 979
1077 978
1076 977
1075 976
1074 975
1073 974
1072 973
1071 972
1070 971
1069 970
1068 969
1067 968
1066 967
1065 966
1064 965
1063 964
1062 963
1061 962
1060 961
1059 960
1058 959
1057 958
1056 957
1055 956
1054 955
1053 954
1052 953
1051 952
1050 951
1049 950
1048 949
1047 948
1046 947
1045 946
1044 945
1043 944
1042 943
1041 942
1040 941
1039 940
1038 939
1037 938
1036 937
1035 936
1034 935
1033 934
1032 933
1031 932
1030 931
1029 930
1028 929
1027 928
1026 927
1025 926
1024 925
1023 924
1022 923
1021 922
1020 921
1019 920
1018 919
1017 918
1016 917
1015 916
1014 915
1013 914
1012 913
1011 912
1010 911
1009 910
1008 909
1007 908
1006 907
1005 906
1004 905
1003 904
1002 903
1001 902
1000 901
999 900
998 899
997 898
996 897
995 896
994 895
993 894
992 893
991 892
990 891
989 890
988 889
987 888
986 887
985 886
984 885
983 884
982 883
981 882
980 881
979 880
978 879
977 878
976 877
975 876
974 875
973 874
972 873
971 872
970 871
969 870
968 869
967 868
966 867
965 866
964 865
963 864
962 863
961 862
960 861
959 860
958 859
957 858
956 857
955 856
954 855
953 854
952 853
951 852
950 851
949 850
948 849
947 848
946 847
945 846
944 845
943 844
942 843
941 842
940 841
939 840
938 839
937 838
936 837
935 836
934 835
933 834
932 833
931 832
930 831
929 830
928 829
927 828
926 827
925 826
924 825
923 824
922 823
921 822
920 821
919 820
918 819
917 818
916 817
915 816
914 815
913 814
912 813
911 812
910 811
909 810
908 809
907 808
906 807
905 806
904 805
903 804
902 803
901 802
900 801
899 800
898 799
897 798
896 797
895 796
894 795
893 794
892 793
891 792
890 791
889 790
888 789
887 788
886 787
885 786
884 785
883 784
882 783
881 782
880 781
879 780
878 779
877 778
876 777
875 776
874 775
873 774
872 773
871 772
870 771
869 770
868 769
867 768
866 767
865 766
864 765
863 764
862 763
861 762
860 761
859 760
858 759
857 758
856 757
855 756
854 755
853 754
852 753
851 752
850 751
849 750
848 749
847 748
846 747
845 746
844 745
843 744
842 743
841 742
840 741
839 740
838 739
837 738
836 737
835 736
834 735
833 734
832 733
831 732
830 731
829 730
828 729
827 728
826 727
825 726
824 725
823 724
822 723
821 722
820 721
819 720
818 719
817 718
816 717
815 716
814 715
813 714
812 713
811 712
810 711
809 710
808 709
807 708
806 707
805 706
804 705
803 704
802 703
801 702
800 701
799 700
798 699
797 698
796 697
795 696
794 695
793 694
792 693
791 692
790 691
789 690
788 689
787 688
786 687
785 686
784 685
783 684
782 683
781 682
780 681
779 680
778 679
777 678
776 677
775 676
774 675
773 674
772 673
771 672
770 671
769 670
768 669
767 668
766 667
765 666
764 665
763 664
762 663
761 662
760 661
759 660
758 659
757 658
756 657
755 656
754 655
753 654
752 653
751 652
750 651
749 650
748 649
747 648
746 647
745 646
744 645
743 644
742 643
741 642
740 641
739 640
738 639
737 638
736 637
735 636
734 635
733 634
732 633
731 632
730 631
729 630
728 629
727 628
726 627
725 626
724 625
723 624
722 623
721 622
720 621
719 620
718 619
717 618
716 617
715 616
714 615
713 614
712 613
711 612
710 611
709 610
708 609
707 608
706 607
705 606
704 605
703 604
702 603
701 602
700 601
699 600
698 599
697 598
696 597
695 596
694 595
693 594
692 593
691 592
690 591
689 590
688 589
687 588
686 587
685 586
684 585
683 584
682 583
681 582
680 581
679 580
678 579
677 578
676 577
675 576
674 575
673 574
672 573
671 572
670 571
669 570
668 569
667 568
666 567
665 566
664 565
663 564
662 563
661 562
660 561
659 560
658 559
657 558
656 557
655 556
654 555
653 554
652 553
651 552
650 551
649 550
648 549
647 548
646 547
645 546
644 545
643 544
642 543
641 542
640 541
639 540
638 539
637 538
636 537
635 536
634 535
633 534
632 533
631 532
630 531
629 530
628 529
627 528
626 527
625 526
624 525
623 524
622 523
621 522
620 521
619 520
618 519
617 518
616 517
615 516
614 515
613 514
612 513
611 512
610 511
609 510
608 509
607 508
606 507
605 506
604 505
603 504
602 503
601 502
600 501
599 500
598 499
597 498
596 497
595 496
594 495
593 494
592 493
591 492
590 491
589 490
588 489
587 488
586 487
585 486
584 485
583 484
582 483
581 482
580 481
579 480
578 479
577 478
576 477
575 476
574 475
573 474
572 473
571 472
570 471
569 470
568 469
567 468
566 467
565 466
564 465
563 464
562 463
561 462
560 461
559 460
558 459
557 458
556 457
555 456
554 455
553 454
552 453
551 452
550 451
549 450
548 449
547 448
546 447
545 446
544 445
543 444
542 443
541 442
540 441
539 440
538 439
537 438
536 437
535 436
534 435
533 434
532 433
531 432
530 431
529 430
528 429
527 428
526 427
525 426
524 425
523 424
522 423
521 422
520 421
519 420
518 419
517 418
516 417
515 416
514 415
513 414
512 413
511 412
510 411
509 410
508 409
507 408
506 407
505 406
504 405
503 404
502 403
501 402
500 401
499 400
498 399
497 398
496 397
495 396
494 395
493 394
492 393
491 392
490 391
489 390
488 389
487 388
486 387
485 386
484 385
483 384
482 383
481 382
480 381
479 380
478 379
477 378
476 377
475 376
474 375
473 374
472 373
471 372
470 371
469 370
468 369
467 368
466 367
465 366
464 365
463 364
462 363
461 362
460 361
459 360
458 359
457 358
456 357
455 356
454 355
453 354
452 353
451 352
450 351
449 350
448 349
447 348
446 347
445 346
444 345
443 344
442 343
441 342
440 341
439 340
438 339
437 338
436 337
435 336
434 335
433 334
432 333
431 332
430 331
429 330
428 329
427 328
426 327
425 326
424 325
423 324
422 323
421 322
420 321
419 320
418 319
417 318
416 317
415 316
414 315
413 314
412 313
411 312
410 311
409 310
408 309
407 308
406 307
405 306
404 305
403 304
402 303
401 302
400 301
399 300
398 299
397 298
396 297
395 296
394 295
393 294
392 293
391 292
390 291
389 290
388 289
387 288
386 287
385 286
384 285
383 284
382 283
381 282
380 281
379 280
378 279
377 278
376 277
375 276
374 275
373 274
372 273
371 272
370 271
369 270
368 269
367 268
366 267
365 266
364 265
363 264
362 263
361 262
360 261
359 260
358 259
357 258
356 257
355 256
354 255
353 254
352 253
351 252
350 251
349 250
348 249
347 248
346 247
345 246
344 245
343 244
342 243
341 242
340 241
339 240
338 239
337 238
336 237
335 236
334 235
333 234
332 233
331 232
330 231
329 230
328 229
327 228
326 227
325 226
324 225
323 224
322 223
321 222
320 221
319 220
318 219
317 218
316 217
315 216
314 215
313 214
312 213
311 212
310 211
309 210
308 209
307 208
306 207
305 206
304 205
303 204
302 203
301 202
300 201
299 200
298 199
297 198
296 197
295 196
294 195
293 194
292 193
291 192
290 191
289 190
288 189
287 188
286 187
285 186
284 185
283 184
282 183
281 182
280 181
279 180
278 179
277 178
276 177
275 176
274 175
273 174
272 173
271 172
270 171
269 170
268 169
267 168
266 167
265 166
264 165
263 164
262 163
261 162
260 161
259 160
258 159
257 158
256 157
255 156
254 155
253 154
252 153
251 152
250 151
249 150
248 149
247 148
246 147
245 146
244 145
243 144
242 143
241 142
240 141
239 140
238 139
237 138
236 137
235 136
234 135
233 134
232 133
231 132
230 131
229 130
228 129
227 128
226 127
225 126
224 125
223 124
222 123
221 122
220 121
219 120
218 119
217 118
216 117
215 116
214 115
213 114
212 113
211 112
210 111
209 110
208 109
207 108
206 107
205 106
204 105
203 104
202 103
201 102
200 101
199 100
198 99
197 98
196 97
195 96
194 95
193 94
192 93
191 92
190 91
189 90
188 89
187 88
186 87
185 86
184 85
183 84
182 83
181 82
180 81
179 80
178 79
177 78
176 77
175 76
174 75
173 74
172 73
171 72
170 71
169 70
168 69
167 68
166 67
165 66
164 65
163 64
162 63
161 62
160 61
159 60
158 59
157 58
156 57
155 56
154 55
153 54
152 53
151 52
150 51
149 50
148 49
147 48
146 47
145 46
144 45
143 44
142 43
141 42
140 41
139 40
138 39
137 38
136 37
135 36
134 35
133 34
132 33
131 32
130 31
129 30
128 29
127 28
126 27
125 26
124 25
123 24
122 23
121 22
120 21
119 20
118 19
117 18
116 17
115 16
114 15
113 14
112 13
111 12
110 11
109 10
108 9
107 8
106 7
105 6
104 5
103 4
102 3
101 2
100 1
99 1
98 1
97 2
96 3
95 4
94 5
93 6
92 7
91 8
90 9
89 10
88 11
87 12
86 13
85 14
84 15
83 16
82 17
81 18
80 19
79 20
78 21
77 22
76 23
75 24
74 25
73 26
72 27
71 28
70 29
69 30
68 31
67 32
66 33
65 34
64 35
63 36
62 37
61 38
60 39
59 40
58 41
57 42
56 43
55 44
54 45
53 46
52 47
51 48
50 49
49 50
48 51
47 52
46 53
45 54
44 55
43 56
42 57
41 58
40 59
39 60
38 61
37 62
36 63
35 64
34 65
33 66
32 67
31 68
30 69
29 70
28 71
27 72
26 73
25 74
24 75
23 76
22 77
21 78
20 79
19 80
18 81
17 82
16 83
15 84
14 85
13 86
12 87
11 88
10 89
9 90
8 91
7 92
6 93
5 94
4 95
3 96
2 97
1 98
