100
10000
10000 9901
9999 9900
9998 9899
9997 9898
9996 9897
9995 9896
9994 9895
9993 9894
9992 9893
9991 9892
9990 9891
9989 9890
9988 9889
9987 9888
9986 9887
9985 9886
9984 9885
9983 9884
9982 9883
9981 9882
9980 9881
9979 9880
9978 9879
9977 9878
9976 9877
9975 9876
9974 9875
9973 9874
9972 9873
9971 9872
9970 9871
9969 9870
9968 9869
9967 9868
9966 9867
9965 9866
9964 9865
9963 9864
9962 9863
9961 9862
9960 9861
9959 9860
9958 9859
9957 9858
9956 9857
9955 9856
9954 9855
9953 9854
9952 9853
9951 9852
9950 9851
9949 9850
9948 9849
9947 9848
9946 9847
9945 9846
9944 9845
9943 9844
9942 9843
9941 9842
9940 9841
9939 9840
9938 9839
9937 9838
9936 9837
9935 9836
9934 9835
9933 9834
9932 9833
9931 9832
9930 9831
9929 9830
9928 9829
9927 9828
9926 9827
9925 9826
9924 9825
9923 9824
9922 9823
9921 9822
9920 9821
9919 9820
9918 9819
9917 9818
9916 9817
9915 9816
9914 9815
9913 9814
9912 9813
9911 9812
9910 9811
9909 9810
9908 9809
9907 9808
9906 9807
9905 9806
9904 9805
9903 9804
9902 9803
9901 9802
9900 9801
9899 9800
9898 9799
9897 9798
9896 9797
9895 9796
9894 9795
9893 9794
9892 9793
9891 9792
9890 9791
9889 9790
9888 9789
9887 9788
9886 9787
9885 9786
9884 9785
9883 9784
9882 9783
9881 9782
9880 9781
9879 9780
9878 9779
9877 9778
9876 9777
9875 9776
9874 9775
9873 9774
9872 9773
9871 9772
9870 9771
9869 9770
9868 9769
9867 9768
9866 9767
9865 9766
9864 9765
9863 9764
9862 9763
9861 9762
9860 9761
9859 9760
9858 9759
9857 9758
9856 9757
9855 9756
9854 9755
9853 9754
9852 9753
9851 9752
9850 9751
9849 9750
9848 9749
9847 9748
9846 9747
9845 9746
9844 9745
9843 9744
9842 9743
9841 9742
9840 9741
9839 9740
9838 9739
9837 9738
9836 9737
9835 9736
9834 9735
9833 9734
9832 9733
9831 9732
9830 9731
9829 9730
9828 9729
9827 9728
9826 9727
9825 9726
9824 9725
9823 9724
9822 9723
9821 9722
9820 9721
9819 9720
9818 9719
9817 9718
9816 9717
9815 9716
9814 9715
9813 9714
9812 9713
9811 9712
9810 9711
9809 9710
9808 9709
9807 9708
9806 9707
9805 9706
9804 9705
9803 9704
9802 9703
9801 9702
9800 9701
9799 9700
9798 9699
9797 9698
9796 9697
9795 9696
9794 9695
9793 9694
9792 9693
9791 9692
9790 9691
9789 9690
9788 9689
9787 9688
9786 9687
9785 9686
9784 9685
9783 9684
9782 9683
9781 9682
9780 9681
9779 9680
9778 9679
9777 9678
9776 9677
9775 9676
9774 9675
9773 9674
9772 9673
9771 9672
9770 9671
9769 9670
9768 9669
9767 9668
9766 9667
9765 9666
9764 9665
9763 9664
9762 9663
9761 9662
9760 9661
9759 9660
9758 9659
9757 9658
9756 9657
9755 9656
9754 9655
9753 9654
9752 9653
9751 9652
9750 9651
9749 9650
9748 9649
9747 9648
9746 9647
9745 9646
9744 9645
9743 9644
9742 9643
9741 9642
9740 9641
9739 9640
9738 9639
9737 9638
9736 9637
9735 9636
9734 9635
9733 9634
9732 9633
9731 9632
9730 9631
9729 9630
9728 9629
9727 9628
9726 9627
9725 9626
9724 9625
9723 9624
9722 9623
9721 9622
9720 9621
9719 9620
9718 9619
9717 9618
9716 9617
9715 9616
9714 9615
9713 9614
9712 9613
9711 9612
9710 9611
9709 9610
9708 9609
9707 9608
9706 9607
9705 9606
9704 9605
9703 9604
9702 9603
9701 9602
9700 9601
9699 9600
9698 9599
9697 9598
9696 9597
9695 9596
9694 9595
9693 9594
9692 9593
9691 9592
9690 9591
9689 9590
9688 9589
9687 9588
9686 9587
9685 9586
9684 9585
9683 9584
9682 9583
9681 9582
9680 9581
9679 9580
9678 9579
9677 9578
9676 9577
9675 9576
9674 9575
9673 9574
9672 9573
9671 9572
9670 9571
9669 9570
9668 9569
9667 9568
9666 9567
9665 9566
9664 9565
9663 9564
9662 9563
9661 9562
9660 9561
9659 9560
9658 9559
9657 9558
9656 9557
9655 9556
9654 9555
9653 9554
9652 9553
9651 9552
9650 9551
9649 9550
9648 9549
9647 9548
9646 9547
9645 9546
9644 9545
9643 9544
9642 9543
9641 9542
9640 9541
9639 9540
9638 9539
9637 9538
9636 9537
9635 9536
9634 9535
9633 9534
9632 9533
9631 9532
9630 9531
9629 9530
9628 9529
9627 9528
9626 9527
9625 9526
9624 9525
9623 9524
9622 9523
9621 9522
9620 9521
9619 9520
9618 9519
9617 9518
9616 9517
9615 9516
9614 9515
9613 9514
9612 9513
9611 9512
9610 9511
9609 9510
9608 9509
9607 9508
9606 9507
9605 9506
9604 9505
9603 9504
9602 9503
9601 9502
9600 9501
9599 9500
9598 9499
9597 9498
9596 9497
9595 9496
9594 9495
9593 9494
9592 9493
9591 9492
9590 9491
9589 9490
9588 9489
9587 9488
9586 9487
9585 9486
9584 9485
9583 9484
9582 9483
9581 9482
9580 9481
9579 9480
9578 9479
9577 9478
9576 9477
9575 9476
9574 9475
9573 9474
9572 9473
9571 9472
9570 9471
9569 9470
9568 9469
9567 9468
9566 9467
9565 9466
9564 9465
9563 9464
9562 9463
9561 9462
9560 9461
9559 9460
9558 9459
9557 9458
9556 9457
9555 9456
9554 9455
9553 9454
9552 9453
9551 9452
9550 9451
9549 9450
9548 9449
9547 9448
9546 9447
9545 9446
9544 9445
9543 9444
9542 9443
9541 9442
9540 9441
9539 9440
9538 9439
9537 9438
9536 9437
9535 9436
9534 9435
9533 9434
9532 9433
9531 9432
9530 9431
9529 9430
9528 9429
9527 9428
9526 9427
9525 9426
9524 9425
9523 9424
9522 9423
9521 9422
9520 9421
9519 9420
9518 9419
9517 9418
9516 9417
9515 9416
9514 9415
9513 9414
9512 9413
9511 9412
9510 9411
9509 9410
9508 9409
9507 9408
9506 9407
9505 9406
9504 9405
9503 9404
9502 9403
9501 9402
9500 9401
9499 9400
9498 9399
9497 9398
9496 9397
9495 9396
9494 9395
9493 9394
9492 9393
9491 9392
9490 9391
9489 9390
9488 9389
9487 9388
9486 9387
9485 9386
9484 9385
9483 9384
9482 9383
9481 9382
9480 9381
9479 9380
9478 9379
9477 9378
9476 9377
9475 9376
9474 9375
9473 9374
9472 9373
9471 9372
9470 9371
9469 9370
9468 9369
9467 9368
9466 9367
9465 9366
9464 9365
9463 9364
9462 9363
9461 9362
9460 9361
9459 9360
9458 9359
9457 9358
9456 9357
9455 9356
9454 9355
9453 9354
9452 9353
9451 9352
9450 9351
9449 9350
9448 9349
9447 9348
9446 9347
9445 9346
9444 9345
9443 9344
9442 9343
9441 9342
9440 9341
9439 9340
9438 9339
9437 9338
9436 9337
9435 9336
9434 9335
9433 9334
9432 9333
9431 9332
9430 9331
9429 9330
9428 9329
9427 9328
9426 9327
9425 9326
9424 9325
9423 9324
9422 9323
9421 9322
9420 9321
9419 9320
9418 9319
9417 9318
9416 9317
9415 9316
9414 9315
9413 9314
9412 9313
9411 9312
9410 9311
9409 9310
9408 9309
9407 9308
9406 9307
9405 9306
9404 9305
9403 9304
9402 9303
9401 9302
9400 9301
9399 9300
9398 9299
9397 9298
9396 9297
9395 9296
9394 9295
9393 9294
9392 9293
9391 9292
9390 9291
9389 9290
9388 9289
9387 9288
9386 9287
9385 9286
9384 9285
9383 9284
9382 9283
9381 9282
9380 9281
9379 9280
9378 9279
9377 9278
9376 9277
9375 9276
9374 9275
9373 9274
9372 9273
9371 9272
9370 9271
9369 9270
9368 9269
9367 9268
9366 9267
9365 9266
9364 9265
9363 9264
9362 9263
9361 9262
9360 9261
9359 9260
9358 9259
9357 9258
9356 9257
9355 9256
9354 9255
9353 9254
9352 9253
9351 9252
9350 9251
9349 9250
9348 9249
9347 9248
9346 9247
9345 9246
9344 9245
9343 9244
9342 9243
9341 9242
9340 9241
9339 9240
9338 9239
9337 9238
9336 9237
9335 9236
9334 9235
9333 9234
9332 9233
9331 9232
9330 9231
9329 9230
9328 9229
9327 9228
9326 9227
9325 9226
9324 9225
9323 9224
9322 9223
9321 9222
9320 9221
9319 9220
9318 9219
9317 9218
9316 9217
9315 9216
9314 9215
9313 9214
9312 9213
9311 9212
9310 9211
9309 9210
9308 9209
9307 9208
9306 9207
9305 9206
9304 9205
9303 9204
9302 9203
9301 9202
9300 9201
9299 9200
9298 9199
9297 9198
9296 9197
9295 9196
9294 9195
9293 9194
9292 9193
9291 9192
9290 9191
9289 9190
9288 9189
9287 9188
9286 9187
9285 9186
9284 9185
9283 9184
9282 9183
9281 9182
9280 9181
9279 9180
9278 9179
9277 9178
9276 9177
9275 9176
9274 9175
9273 9174
9272 9173
9271 9172
9270 9171
9269 9170
9268 9169
9267 9168
9266 9167
9265 9166
9264 9165
9263 9164
9262 9163
9261 9162
9260 9161
9259 9160
9258 9159
9257 9158
9256 9157
9255 9156
9254 9155
9253 9154
9252 9153
9251 9152
9250 9151
9249 9150
9248 9149
9247 9148
9246 9147
9245 9146
9244 9145
9243 9144
9242 9143
9241 9142
9240 9141
9239 9140
9238 9139
9237 9138
9236 9137
9235 9136
9234 9135
9233 9134
9232 9133
9231 9132
9230 9131
9229 9130
9228 9129
9227 9128
9226 9127
9225 9126
9224 9125
9223 9124
9222 9123
9221 9122
9220 9121
9219 9120
9218 9119
9217 9118
9216 9117
9215 9116
9214 9115
9213 9114
9212 9113
9211 9112
9210 9111
9209 9110
9208 9109
9207 9108
9206 9107
9205 9106
9204 9105
9203 9104
9202 9103
9201 9102
9200 9101
9199 9100
9198 9099
9197 9098
9196 9097
9195 9096
9194 9095
9193 9094
9192 9093
9191 9092
9190 9091
9189 9090
9188 9089
9187 9088
9186 9087
9185 9086
9184 9085
9183 9084
9182 9083
9181 9082
9180 9081
9179 9080
9178 9079
9177 9078
9176 9077
9175 9076
9174 9075
9173 9074
9172 9073
9171 9072
9170 9071
9169 9070
9168 9069
9167 9068
9166 9067
9165 9066
9164 9065
9163 9064
9162 9063
9161 9062
9160 9061
9159 9060
9158 9059
9157 9058
9156 9057
9155 9056
9154 9055
9153 9054
9152 9053
9151 9052
9150 9051
9149 9050
9148 9049
9147 9048
9146 9047
9145 9046
9144 9045
9143 9044
9142 9043
9141 9042
9140 9041
9139 9040
9138 9039
9137 9038
9136 9037
9135 9036
9134 9035
9133 9034
9132 9033
9131 9032
9130 9031
9129 9030
9128 9029
9127 9028
9126 9027
9125 9026
9124 9025
9123 9024
9122 9023
9121 9022
9120 9021
9119 9020
9118 9019
9117 9018
9116 9017
9115 9016
9114 9015
9113 9014
9112 9013
9111 9012
9110 9011
9109 9010
9108 9009
9107 9008
9106 9007
9105 9006
9104 9005
9103 9004
9102 9003
9101 9002
9100 9001
9099 9000
9098 8999
9097 8998
9096 8997
9095 8996
9094 8995
9093 8994
9092 8993
9091 8992
9090 8991
9089 8990
9088 8989
9087 8988
9086 8987
9085 8986
9084 8985
9083 8984
9082 8983
9081 8982
9080 8981
9079 8980
9078 8979
9077 8978
9076 8977
9075 8976
9074 8975
9073 8974
9072 8973
9071 8972
9070 8971
9069 8970
9068 8969
9067 8968
9066 8967
9065 8966
9064 8965
9063 8964
9062 8963
9061 8962
9060 8961
9059 8960
9058 8959
9057 8958
9056 8957
9055 8956
9054 8955
9053 8954
9052 8953
9051 8952
9050 8951
9049 8950
9048 8949
9047 8948
9046 8947
9045 8946
9044 8945
9043 8944
9042 8943
9041 8942
9040 8941
9039 8940
9038 8939
9037 8938
9036 8937
9035 8936
9034 8935
9033 8934
9032 8933
9031 8932
9030 8931
9029 8930
9028 8929
9027 8928
9026 8927
9025 8926
9024 8925
9023 8924
9022 8923
9021 8922
9020 8921
9019 8920
9018 8919
9017 8918
9016 8917
9015 8916
9014 8915
9013 8914
9012 8913
9011 8912
9010 8911
9009 8910
9008 8909
9007 8908
9006 8907
9005 8906
9004 8905
9003 8904
9002 8903
9001 8902
9000 8901
8999 8900
8998 8899
8997 8898
8996 8897
8995 8896
8994 8895
8993 8894
8992 8893
8991 8892
8990 8891
8989 8890
8988 8889
8987 8888
8986 8887
8985 8886
8984 8885
8983 8884
8982 8883
8981 8882
8980 8881
8979 8880
8978 8879
8977 8878
8976 8877
8975 8876
8974 8875
8973 8874
8972 8873
8971 8872
8970 8871
8969 8870
8968 8869
8967 8868
8966 8867
8965 8866
8964 8865
8963 8864
8962 8863
8961 8862
8960 8861
8959 8860
8958 8859
8957 8858
8956 8857
8955 8856
8954 8855
8953 8854
8952 8853
8951 8852
8950 8851
8949 8850
8948 8849
8947 8848
8946 8847
8945 8846
8944 8845
8943 8844
8942 8843
8941 8842
8940 8841
8939 8840
8938 8839
8937 8838
8936 8837
8935 8836
8934 8835
8933 8834
8932 8833
8931 8832
8930 8831
8929 8830
8928 8829
8927 8828
8926 8827
8925 8826
8924 8825
8923 8824
8922 8823
8921 8822
8920 8821
8919 8820
8918 8819
8917 8818
8916 8817
8915 8816
8914 8815
8913 8814
8912 8813
8911 8812
8910 8811
8909 8810
8908 8809
8907 8808
8906 8807
8905 8806
8904 8805
8903 8804
8902 8803
8901 8802
8900 8801
8899 8800
8898 8799
8897 8798
8896 8797
8895 8796
8894 8795
8893 8794
8892 8793
8891 8792
8890 8791
8889 8790
8888 8789
8887 8788
8886 8787
8885 8786
8884 8785
8883 8784
8882 8783
8881 8782
8880 8781
8879 8780
8878 8779
8877 8778
8876 8777
8875 8776
8874 8775
8873 8774
8872 8773
8871 8772
8870 8771
8869 8770
8868 8769
8867 8768
8866 8767
8865 8766
8864 8765
8863 8764
8862 8763
8861 8762
8860 8761
8859 8760
8858 8759
8857 8758
8856 8757
8855 8756
8854 8755
8853 8754
8852 8753
8851 8752
8850 8751
8849 8750
8848 8749
8847 8748
8846 8747
8845 8746
8844 8745
8843 8744
8842 8743
8841 8742
8840 8741
8839 8740
8838 8739
8837 8738
8836 8737
8835 8736
8834 8735
8833 8734
8832 8733
8831 8732
8830 8731
8829 8730
8828 8729
8827 8728
8826 8727
8825 8726
8824 8725
8823 8724
8822 8723
8821 8722
8820 8721
8819 8720
8818 8719
8817 8718
8816 8717
8815 8716
8814 8715
8813 8714
8812 8713
8811 8712
8810 8711
8809 8710
8808 8709
8807 8708
8806 8707
8805 8706
8804 8705
8803 8704
8802 8703
8801 8702
8800 8701
8799 8700
8798 8699
8797 8698
8796 8697
8795 8696
8794 8695
8793 8694
8792 8693
8791 8692
8790 8691
8789 8690
8788 8689
8787 8688
8786 8687
8785 8686
8784 8685
8783 8684
8782 8683
8781 8682
8780 8681
8779 8680
8778 8679
8777 8678
8776 8677
8775 8676
8774 8675
8773 8674
8772 8673
8771 8672
8770 8671
8769 8670
8768 8669
8767 8668
8766 8667
8765 8666
8764 8665
8763 8664
8762 8663
8761 8662
8760 8661
8759 8660
8758 8659
8757 8658
8756 8657
8755 8656
8754 8655
8753 8654
8752 8653
8751 8652
8750 8651
8749 8650
8748 8649
8747 8648
8746 8647
8745 8646
8744 8645
8743 8644
8742 8643
8741 8642
8740 8641
8739 8640
8738 8639
8737 8638
8736 8637
8735 8636
8734 8635
8733 8634
8732 8633
8731 8632
8730 8631
8729 8630
8728 8629
8727 8628
8726 8627
8725 8626
8724 8625
8723 8624
8722 8623
8721 8622
8720 8621
8719 8620
8718 8619
8717 8618
8716 8617
8715 8616
8714 8615
8713 8614
8712 8613
8711 8612
8710 8611
8709 8610
8708 8609
8707 8608
8706 8607
8705 8606
8704 8605
8703 8604
8702 8603
8701 8602
8700 8601
8699 8600
8698 8599
8697 8598
8696 8597
8695 8596
8694 8595
8693 8594
8692 8593
8691 8592
8690 8591
8689 8590
8688 8589
8687 8588
8686 8587
8685 8586
8684 8585
8683 8584
8682 8583
8681 8582
8680 8581
8679 8580
8678 8579
8677 8578
8676 8577
8675 8576
8674 8575
8673 8574
8672 8573
8671 8572
8670 8571
8669 8570
8668 8569
8667 8568
8666 8567
8665 8566
8664 8565
8663 8564
8662 8563
8661 8562
8660 8561
8659 8560
8658 8559
8657 8558
8656 8557
8655 8556
8654 8555
8653 8554
8652 8553
8651 8552
8650 8551
8649 8550
8648 8549
8647 8548
8646 8547
8645 8546
8644 8545
8643 8544
8642 8543
8641 8542
8640 8541
8639 8540
8638 8539
8637 8538
8636 8537
8635 8536
8634 8535
8633 8534
8632 8533
8631 8532
8630 8531
8629 8530
8628 8529
8627 8528
8626 8527
8625 8526
8624 8525
8623 8524
8622 8523
8621 8522
8620 8521
8619 8520
8618 8519
8617 8518
8616 8517
8615 8516
8614 8515
8613 8514
8612 8513
8611 8512
8610 8511
8609 8510
8608 8509
8607 8508
8606 8507
8605 8506
8604 8505
8603 8504
8602 8503
8601 8502
8600 8501
8599 8500
8598 8499
8597 8498
8596 8497
8595 8496
8594 8495
8593 8494
8592 8493
8591 8492
8590 8491
8589 8490
8588 8489
8587 8488
8586 8487
8585 8486
8584 8485
8583 8484
8582 8483
8581 8482
8580 8481
8579 8480
8578 8479
8577 8478
8576 8477
8575 8476
8574 8475
8573 8474
8572 8473
8571 8472
8570 8471
8569 8470
8568 8469
8567 8468
8566 8467
8565 8466
8564 8465
8563 8464
8562 8463
8561 8462
8560 8461
8559 8460
8558 8459
8557 8458
8556 8457
8555 8456
8554 8455
8553 8454
8552 8453
8551 8452
8550 8451
8549 8450
8548 8449
8547 8448
8546 8447
8545 8446
8544 8445
8543 8444
8542 8443
8541 8442
8540 8441
8539 8440
8538 8439
8537 8438
8536 8437
8535 8436
8534 8435
8533 8434
8532 8433
8531 8432
8530 8431
8529 8430
8528 8429
8527 8428
8526 8427
8525 8426
8524 8425
8523 8424
8522 8423
8521 8422
8520 8421
8519 8420
8518 8419
8517 8418
8516 8417
8515 8416
8514 8415
8513 8414
8512 8413
8511 8412
8510 8411
8509 8410
8508 8409
8507 8408
8506 8407
8505 8406
8504 8405
8503 8404
8502 8403
8501 8402
8500 8401
8499 8400
8498 8399
8497 8398
8496 8397
8495 8396
8494 8395
8493 8394
8492 8393
8491 8392
8490 8391
8489 8390
8488 8389
8487 8388
8486 8387
8485 8386
8484 8385
8483 8384
8482 8383
8481 8382
8480 8381
8479 8380
8478 8379
8477 8378
8476 8377
8475 8376
8474 8375
8473 8374
8472 8373
8471 8372
8470 8371
8469 8370
8468 8369
8467 8368
8466 8367
8465 8366
8464 8365
8463 8364
8462 8363
8461 8362
8460 8361
8459 8360
8458 8359
8457 8358
8456 8357
8455 8356
8454 8355
8453 8354
8452 8353
8451 8352
8450 8351
8449 8350
8448 8349
8447 8348
8446 8347
8445 8346
8444 8345
8443 8344
8442 8343
8441 8342
8440 8341
8439 8340
8438 8339
8437 8338
8436 8337
8435 8336
8434 8335
8433 8334
8432 8333
8431 8332
8430 8331
8429 8330
8428 8329
8427 8328
8426 8327
8425 8326
8424 8325
8423 8324
8422 8323
8421 8322
8420 8321
8419 8320
8418 8319
8417 8318
8416 8317
8415 8316
8414 8315
8413 8314
8412 8313
8411 8312
8410 8311
8409 8310
8408 8309
8407 8308
8406 8307
8405 8306
8404 8305
8403 8304
8402 8303
8401 8302
8400 8301
8399 8300
8398 8299
8397 8298
8396 8297
8395 8296
8394 8295
8393 8294
8392 8293
8391 8292
8390 8291
8389 8290
8388 8289
8387 8288
8386 8287
8385 8286
8384 8285
8383 8284
8382 8283
8381 8282
8380 8281
8379 8280
8378 8279
8377 8278
8376 8277
8375 8276
8374 8275
8373 8274
8372 8273
8371 8272
8370 8271
8369 8270
8368 8269
8367 8268
8366 8267
8365 8266
8364 8265
8363 8264
8362 8263
8361 8262
8360 8261
8359 8260
8358 8259
8357 8258
8356 8257
8355 8256
8354 8255
8353 8254
8352 8253
8351 8252
8350 8251
8349 8250
8348 8249
8347 8248
8346 8247
8345 8246
8344 8245
8343 8244
8342 8243
8341 8242
8340 8241
8339 8240
8338 8239
8337 8238
8336 8237
8335 8236
8334 8235
8333 8234
8332 8233
8331 8232
8330 8231
8329 8230
8328 8229
8327 8228
8326 8227
8325 8226
8324 8225
8323 8224
8322 8223
8321 8222
8320 8221
8319 8220
8318 8219
8317 8218
8316 8217
8315 8216
8314 8215
8313 8214
8312 8213
8311 8212
8310 8211
8309 8210
8308 8209
8307 8208
8306 8207
8305 8206
8304 8205
8303 8204
8302 8203
8301 8202
8300 8201
8299 8200
8298 8199
8297 8198
8296 8197
8295 8196
8294 8195
8293 8194
8292 8193
8291 8192
8290 8191
8289 8190
8288 8189
8287 8188
8286 8187
8285 8186
8284 8185
8283 8184
8282 8183
8281 8182
8280 8181
8279 8180
8278 8179
8277 8178
8276 8177
8275 8176
8274 8175
8273 8174
8272 8173
8271 8172
8270 8171
8269 8170
8268 8169
8267 8168
8266 8167
8265 8166
8264 8165
8263 8164
8262 8163
8261 8162
8260 8161
8259 8160
8258 8159
8257 8158
8256 8157
8255 8156
8254 8155
8253 8154
8252 8153
8251 8152
8250 8151
8249 8150
8248 8149
8247 8148
8246 8147
8245 8146
8244 8145
8243 8144
8242 8143
8241 8142
8240 8141
8239 8140
8238 8139
8237 8138
8236 8137
8235 8136
8234 8135
8233 8134
8232 8133
8231 8132
8230 8131
8229 8130
8228 8129
8227 8128
8226 8127
8225 8126
8224 8125
8223 8124
8222 8123
8221 8122
8220 8121
8219 8120
8218 8119
8217 8118
8216 8117
8215 8116
8214 8115
8213 8114
8212 8113
8211 8112
8210 8111
8209 8110
8208 8109
8207 8108
8206 8107
8205 8106
8204 8105
8203 8104
8202 8103
8201 8102
8200 8101
8199 8100
8198 8099
8197 8098
8196 8097
8195 8096
8194 8095
8193 8094
8192 8093
8191 8092
8190 8091
8189 8090
8188 8089
8187 8088
8186 8087
8185 8086
8184 8085
8183 8084
8182 8083
8181 8082
8180 8081
8179 8080
8178 8079
8177 8078
8176 8077
8175 8076
8174 8075
8173 8074
8172 8073
8171 8072
8170 8071
8169 8070
8168 8069
8167 8068
8166 8067
8165 8066
8164 8065
8163 8064
8162 8063
8161 8062
8160 8061
8159 8060
8158 8059
8157 8058
8156 8057
8155 8056
8154 8055
8153 8054
8152 8053
8151 8052
8150 8051
8149 8050
8148 8049
8147 8048
8146 8047
8145 8046
8144 8045
8143 8044
8142 8043
8141 8042
8140 8041
8139 8040
8138 8039
8137 8038
8136 8037
8135 8036
8134 8035
8133 8034
8132 8033
8131 8032
8130 8031
8129 8030
8128 8029
8127 8028
8126 8027
8125 8026
8124 8025
8123 8024
8122 8023
8121 8022
8120 8021
8119 8020
8118 8019
8117 8018
8116 8017
8115 8016
8114 8015
8113 8014
8112 8013
8111 8012
8110 8011
8109 8010
8108 8009
8107 8008
8106 8007
8105 8006
8104 8005
8103 8004
8102 8003
8101 8002
8100 8001
8099 8000
8098 7999
8097 7998
8096 7997
8095 7996
8094 7995
8093 7994
8092 7993
8091 7992
8090 7991
8089 7990
8088 7989
8087 7988
8086 7987
8085 7986
8084 7985
8083 7984
8082 7983
8081 7982
8080 7981
8079 7980
8078 7979
8077 7978
8076 7977
8075 7976
8074 7975
8073 7974
8072 7973
8071 7972
8070 7971
8069 7970
8068 7969
8067 7968
8066 7967
8065 7966
8064 7965
8063 7964
8062 7963
8061 7962
8060 7961
8059 7960
8058 7959
8057 7958
8056 7957
8055 7956
8054 7955
8053 7954
8052 7953
8051 7952
8050 7951
8049 7950
8048 7949
8047 7948
8046 7947
8045 7946
8044 7945
8043 7944
8042 7943
8041 7942
8040 7941
8039 7940
8038 7939
8037 7938
8036 7937
8035 7936
8034 7935
8033 7934
8032 7933
8031 7932
8030 7931
8029 7930
8028 7929
8027 7928
8026 7927
8025 7926
8024 7925
8023 7924
8022 7923
8021 7922
8020 7921
8019 7920
8018 7919
8017 7918
8016 7917
8015 7916
8014 7915
8013 7914
8012 7913
8011 7912
8010 7911
8009 7910
8008 7909
8007 7908
8006 7907
8005 7906
8004 7905
8003 7904
8002 7903
8001 7902
8000 7901
7999 7900
7998 7899
7997 7898
7996 7897
7995 7896
7994 7895
7993 7894
7992 7893
7991 7892
7990 7891
7989 7890
7988 7889
7987 7888
7986 7887
7985 7886
7984 7885
7983 7884
7982 7883
7981 7882
7980 7881
7979 7880
7978 7879
7977 7878
7976 7877
7975 7876
7974 7875
7973 7874
7972 7873
7971 7872
7970 7871
7969 7870
7968 7869
7967 7868
7966 7867
7965 7866
7964 7865
7963 7864
7962 7863
7961 7862
7960 7861
7959 7860
7958 7859
7957 7858
7956 7857
7955 7856
7954 7855
7953 7854
7952 7853
7951 7852
7950 7851
7949 7850
7948 7849
7947 7848
7946 7847
7945 7846
7944 7845
7943 7844
7942 7843
7941 7842
7940 7841
7939 7840
7938 7839
7937 7838
7936 7837
7935 7836
7934 7835
7933 7834
7932 7833
7931 7832
7930 7831
7929 7830
7928 7829
7927 7828
7926 7827
7925 7826
7924 7825
7923 7824
7922 7823
7921 7822
7920 7821
7919 7820
7918 7819
7917 7818
7916 7817
7915 7816
7914 7815
7913 7814
7912 7813
7911 7812
7910 7811
7909 7810
7908 7809
7907 7808
7906 7807
7905 7806
7904 7805
7903 7804
7902 7803
7901 7802
7900 7801
7899 7800
7898 7799
7897 7798
7896 7797
7895 7796
7894 7795
7893 7794
7892 7793
7891 7792
7890 7791
7889 7790
7888 7789
7887 7788
7886 7787
7885 7786
7884 7785
7883 7784
7882 7783
7881 7782
7880 7781
7879 7780
7878 7779
7877 7778
7876 7777
7875 7776
7874 7775
7873 7774
7872 7773
7871 7772
7870 7771
7869 7770
7868 7769
7867 7768
7866 7767
7865 7766
7864 7765
7863 7764
7862 7763
7861 7762
7860 7761
7859 7760
7858 7759
7857 7758
7856 7757
7855 7756
7854 7755
7853 7754
7852 7753
7851 7752
7850 7751
7849 7750
7848 7749
7847 7748
7846 7747
7845 7746
7844 7745
7843 7744
7842 7743
7841 7742
7840 7741
7839 7740
7838 7739
7837 7738
7836 7737
7835 7736
7834 7735
7833 7734
7832 7733
7831 7732
7830 7731
7829 7730
7828 7729
7827 7728
7826 7727
7825 7726
7824 7725
7823 7724
7822 7723
7821 7722
7820 7721
7819 7720
7818 7719
7817 7718
7816 7717
7815 7716
7814 7715
7813 7714
7812 7713
7811 7712
7810 7711
7809 7710
7808 7709
7807 7708
7806 7707
7805 7706
7804 7705
7803 7704
7802 7703
7801 7702
7800 7701
7799 7700
7798 7699
7797 7698
7796 7697
7795 7696
7794 7695
7793 7694
7792 7693
7791 7692
7790 7691
7789 7690
7788 7689
7787 7688
7786 7687
7785 7686
7784 7685
7783 7684
7782 7683
7781 7682
7780 7681
7779 7680
7778 7679
7777 7678
7776 7677
7775 7676
7774 7675
7773 7674
7772 7673
7771 7672
7770 7671
7769 7670
7768 7669
7767 7668
7766 7667
7765 7666
7764 7665
7763 7664
7762 7663
7761 7662
7760 7661
7759 7660
7758 7659
7757 7658
7756 7657
7755 7656
7754 7655
7753 7654
7752 7653
7751 7652
7750 7651
7749 7650
7748 7649
7747 7648
7746 7647
7745 7646
7744 7645
7743 7644
7742 7643
7741 7642
7740 7641
7739 7640
7738 7639
7737 7638
7736 7637
7735 7636
7734 7635
7733 7634
7732 7633
7731 7632
7730 7631
7729 7630
7728 7629
7727 7628
7726 7627
7725 7626
7724 7625
7723 7624
7722 7623
7721 7622
7720 7621
7719 7620
7718 7619
7717 7618
7716 7617
7715 7616
7714 7615
7713 7614
7712 7613
7711 7612
7710 7611
7709 7610
7708 7609
7707 7608
7706 7607
7705 7606
7704 7605
7703 7604
7702 7603
7701 7602
7700 7601
7699 7600
7698 7599
7697 7598
7696 7597
7695 7596
7694 7595
7693 7594
7692 7593
7691 7592
7690 7591
7689 7590
7688 7589
7687 7588
7686 7587
7685 7586
7684 7585
7683 7584
7682 7583
7681 7582
7680 7581
7679 7580
7678 7579
7677 7578
7676 7577
7675 7576
7674 7575
7673 7574
7672 7573
7671 7572
7670 7571
7669 7570
7668 7569
7667 7568
7666 7567
7665 7566
7664 7565
7663 7564
7662 7563
7661 7562
7660 7561
7659 7560
7658 7559
7657 7558
7656 7557
7655 7556
7654 7555
7653 7554
7652 7553
7651 7552
7650 7551
7649 7550
7648 7549
7647 7548
7646 7547
7645 7546
7644 7545
7643 7544
7642 7543
7641 7542
7640 7541
7639 7540
7638 7539
7637 7538
7636 7537
7635 7536
7634 7535
7633 7534
7632 7533
7631 7532
7630 7531
7629 7530
7628 7529
7627 7528
7626 7527
7625 7526
7624 7525
7623 7524
7622 7523
7621 7522
7620 7521
7619 7520
7618 7519
7617 7518
7616 7517
7615 7516
7614 7515
7613 7514
7612 7513
7611 7512
7610 7511
7609 7510
7608 7509
7607 7508
7606 7507
7605 7506
7604 7505
7603 7504
7602 7503
7601 7502
7600 7501
7599 7500
7598 7499
7597 7498
7596 7497
7595 7496
7594 7495
7593 7494
7592 7493
7591 7492
7590 7491
7589 7490
7588 7489
7587 7488
7586 7487
7585 7486
7584 7485
7583 7484
7582 7483
7581 7482
7580 7481
7579 7480
7578 7479
7577 7478
7576 7477
7575 7476
7574 7475
7573 7474
7572 7473
7571 7472
7570 7471
7569 7470
7568 7469
7567 7468
7566 7467
7565 7466
7564 7465
7563 7464
7562 7463
7561 7462
7560 7461
7559 7460
7558 7459
7557 7458
7556 7457
7555 7456
7554 7455
7553 7454
7552 7453
7551 7452
7550 7451
7549 7450
7548 7449
7547 7448
7546 7447
7545 7446
7544 7445
7543 7444
7542 7443
7541 7442
7540 7441
7539 7440
7538 7439
7537 7438
7536 7437
7535 7436
7534 7435
7533 7434
7532 7433
7531 7432
7530 7431
7529 7430
7528 7429
7527 7428
7526 7427
7525 7426
7524 7425
7523 7424
7522 7423
7521 7422
7520 7421
7519 7420
7518 7419
7517 7418
7516 7417
7515 7416
7514 7415
7513 7414
7512 7413
7511 7412
7510 7411
7509 7410
7508 7409
7507 7408
7506 7407
7505 7406
7504 7405
7503 7404
7502 7403
7501 7402
7500 7401
7499 7400
7498 7399
7497 7398
7496 7397
7495 7396
7494 7395
7493 7394
7492 7393
7491 7392
7490 7391
7489 7390
7488 7389
7487 7388
7486 7387
7485 7386
7484 7385
7483 7384
7482 7383
7481 7382
7480 7381
7479 7380
7478 7379
7477 7378
7476 7377
7475 7376
7474 7375
7473 7374
7472 7373
7471 7372
7470 7371
7469 7370
7468 7369
7467 7368
7466 7367
7465 7366
7464 7365
7463 7364
7462 7363
7461 7362
7460 7361
7459 7360
7458 7359
7457 7358
7456 7357
7455 7356
7454 7355
7453 7354
7452 7353
7451 7352
7450 7351
7449 7350
7448 7349
7447 7348
7446 7347
7445 7346
7444 7345
7443 7344
7442 7343
7441 7342
7440 7341
7439 7340
7438 7339
7437 7338
7436 7337
7435 7336
7434 7335
7433 7334
7432 7333
7431 7332
7430 7331
7429 7330
7428 7329
7427 7328
7426 7327
7425 7326
7424 7325
7423 7324
7422 7323
7421 7322
7420 7321
7419 7320
7418 7319
7417 7318
7416 7317
7415 7316
7414 7315
7413 7314
7412 7313
7411 7312
7410 7311
7409 7310
7408 7309
7407 7308
7406 7307
7405 7306
7404 7305
7403 7304
7402 7303
7401 7302
7400 7301
7399 7300
7398 7299
7397 7298
7396 7297
7395 7296
7394 7295
7393 7294
7392 7293
7391 7292
7390 7291
7389 7290
7388 7289
7387 7288
7386 7287
7385 7286
7384 7285
7383 7284
7382 7283
7381 7282
7380 7281
7379 7280
7378 7279
7377 7278
7376 7277
7375 7276
7374 7275
7373 7274
7372 7273
7371 7272
7370 7271
7369 7270
7368 7269
7367 7268
7366 7267
7365 7266
7364 7265
7363 7264
7362 7263
7361 7262
7360 7261
7359 7260
7358 7259
7357 7258
7356 7257
7355 7256
7354 7255
7353 7254
7352 7253
7351 7252
7350 7251
7349 7250
7348 7249
7347 7248
7346 7247
7345 7246
7344 7245
7343 7244
7342 7243
7341 7242
7340 7241
7339 7240
7338 7239
7337 7238
7336 7237
7335 7236
7334 7235
7333 7234
7332 7233
7331 7232
7330 7231
7329 7230
7328 7229
7327 7228
7326 7227
7325 7226
7324 7225
7323 7224
7322 7223
7321 7222
7320 7221
7319 7220
7318 7219
7317 7218
7316 7217
7315 7216
7314 7215
7313 7214
7312 7213
7311 7212
7310 7211
7309 7210
7308 7209
7307 7208
7306 7207
7305 7206
7304 7205
7303 7204
7302 7203
7301 7202
7300 7201
7299 7200
7298 7199
7297 7198
7296 7197
7295 7196
7294 7195
7293 7194
7292 7193
7291 7192
7290 7191
7289 7190
7288 7189
7287 7188
7286 7187
7285 7186
7284 7185
7283 7184
7282 7183
7281 7182
7280 7181
7279 7180
7278 7179
7277 7178
7276 7177
7275 7176
7274 7175
7273 7174
7272 7173
7271 7172
7270 7171
7269 7170
7268 7169
7267 7168
7266 7167
7265 7166
7264 7165
7263 7164
7262 7163
7261 7162
7260 7161
7259 7160
7258 7159
7257 7158
7256 7157
7255 7156
7254 7155
7253 7154
7252 7153
7251 7152
7250 7151
7249 7150
7248 7149
7247 7148
7246 7147
7245 7146
7244 7145
7243 7144
7242 7143
7241 7142
7240 7141
7239 7140
7238 7139
7237 7138
7236 7137
7235 7136
7234 7135
7233 7134
7232 7133
7231 7132
7230 7131
7229 7130
7228 7129
7227 7128
7226 7127
7225 7126
7224 7125
7223 7124
7222 7123
7221 7122
7220 7121
7219 7120
7218 7119
7217 7118
7216 7117
7215 7116
7214 7115
7213 7114
7212 7113
7211 7112
7210 7111
7209 7110
7208 7109
7207 7108
7206 7107
7205 7106
7204 7105
7203 7104
7202 7103
7201 7102
7200 7101
7199 7100
7198 7099
7197 7098
7196 7097
7195 7096
7194 7095
7193 7094
7192 7093
7191 7092
7190 7091
7189 7090
7188 7089
7187 7088
7186 7087
7185 7086
7184 7085
7183 7084
7182 7083
7181 7082
7180 7081
7179 7080
7178 7079
7177 7078
7176 7077
7175 7076
7174 7075
7173 7074
7172 7073
7171 7072
7170 7071
7169 7070
7168 7069
7167 7068
7166 7067
7165 7066
7164 7065
7163 7064
7162 7063
7161 7062
7160 7061
7159 7060
7158 7059
7157 7058
7156 7057
7155 7056
7154 7055
7153 7054
7152 7053
7151 7052
7150 7051
7149 7050
7148 7049
7147 7048
7146 7047
7145 7046
7144 7045
7143 7044
7142 7043
7141 7042
7140 7041
7139 7040
7138 7039
7137 7038
7136 7037
7135 7036
7134 7035
7133 7034
7132 7033
7131 7032
7130 7031
7129 7030
7128 7029
7127 7028
7126 7027
7125 7026
7124 7025
7123 7024
7122 7023
7121 7022
7120 7021
7119 7020
7118 7019
7117 7018
7116 7017
7115 7016
7114 7015
7113 7014
7112 7013
7111 7012
7110 7011
7109 7010
7108 7009
7107 7008
7106 7007
7105 7006
7104 7005
7103 7004
7102 7003
7101 7002
7100 7001
7099 7000
7098 6999
7097 6998
7096 6997
7095 6996
7094 6995
7093 6994
7092 6993
7091 6992
7090 6991
7089 6990
7088 6989
7087 6988
7086 6987
7085 6986
7084 6985
7083 6984
7082 6983
7081 6982
7080 6981
7079 6980
7078 6979
7077 6978
7076 6977
7075 6976
7074 6975
7073 6974
7072 6973
7071 6972
7070 6971
7069 6970
7068 6969
7067 6968
7066 6967
7065 6966
7064 6965
7063 6964
7062 6963
7061 6962
7060 6961
7059 6960
7058 6959
7057 6958
7056 6957
7055 6956
7054 6955
7053 6954
7052 6953
7051 6952
7050 6951
7049 6950
7048 6949
7047 6948
7046 6947
7045 6946
7044 6945
7043 6944
7042 6943
7041 6942
7040 6941
7039 6940
7038 6939
7037 6938
7036 6937
7035 6936
7034 6935
7033 6934
7032 6933
7031 6932
7030 6931
7029 6930
7028 6929
7027 6928
7026 6927
7025 6926
7024 6925
7023 6924
7022 6923
7021 6922
7020 6921
7019 6920
7018 6919
7017 6918
7016 6917
7015 6916
7014 6915
7013 6914
7012 6913
7011 6912
7010 6911
7009 6910
7008 6909
7007 6908
7006 6907
7005 6906
7004 6905
7003 6904
7002 6903
7001 6902
7000 6901
6999 6900
6998 6899
6997 6898
6996 6897
6995 6896
6994 6895
6993 6894
6992 6893
6991 6892
6990 6891
6989 6890
6988 6889
6987 6888
6986 6887
6985 6886
6984 6885
6983 6884
6982 6883
6981 6882
6980 6881
6979 6880
6978 6879
6977 6878
6976 6877
6975 6876
6974 6875
6973 6874
6972 6873
6971 6872
6970 6871
6969 6870
6968 6869
6967 6868
6966 6867
6965 6866
6964 6865
6963 6864
6962 6863
6961 6862
6960 6861
6959 6860
6958 6859
6957 6858
6956 6857
6955 6856
6954 6855
6953 6854
6952 6853
6951 6852
6950 6851
6949 6850
6948 6849
6947 6848
6946 6847
6945 6846
6944 6845
6943 6844
6942 6843
6941 6842
6940 6841
6939 6840
6938 6839
6937 6838
6936 6837
6935 6836
6934 6835
6933 6834
6932 6833
6931 6832
6930 6831
6929 6830
6928 6829
6927 6828
6926 6827
6925 6826
6924 6825
6923 6824
6922 6823
6921 6822
6920 6821
6919 6820
6918 6819
6917 6818
6916 6817
6915 6816
6914 6815
6913 6814
6912 6813
6911 6812
6910 6811
6909 6810
6908 6809
6907 6808
6906 6807
6905 6806
6904 6805
6903 6804
6902 6803
6901 6802
6900 6801
6899 6800
6898 6799
6897 6798
6896 6797
6895 6796
6894 6795
6893 6794
6892 6793
6891 6792
6890 6791
6889 6790
6888 6789
6887 6788
6886 6787
6885 6786
6884 6785
6883 6784
6882 6783
6881 6782
6880 6781
6879 6780
6878 6779
6877 6778
6876 6777
6875 6776
6874 6775
6873 6774
6872 6773
6871 6772
6870 6771
6869 6770
6868 6769
6867 6768
6866 6767
6865 6766
6864 6765
6863 6764
6862 6763
6861 6762
6860 6761
6859 6760
6858 6759
6857 6758
6856 6757
6855 6756
6854 6755
6853 6754
6852 6753
6851 6752
6850 6751
6849 6750
6848 6749
6847 6748
6846 6747
6845 6746
6844 6745
6843 6744
6842 6743
6841 6742
6840 6741
6839 6740
6838 6739
6837 6738
6836 6737
6835 6736
6834 6735
6833 6734
6832 6733
6831 6732
6830 6731
6829 6730
6828 6729
6827 6728
6826 6727
6825 6726
6824 6725
6823 6724
6822 6723
6821 6722
6820 6721
6819 6720
6818 6719
6817 6718
6816 6717
6815 6716
6814 6715
6813 6714
6812 6713
6811 6712
6810 6711
6809 6710
6808 6709
6807 6708
6806 6707
6805 6706
6804 6705
6803 6704
6802 6703
6801 6702
6800 6701
6799 6700
6798 6699
6797 6698
6796 6697
6795 6696
6794 6695
6793 6694
6792 6693
6791 6692
6790 6691
6789 6690
6788 6689
6787 6688
6786 6687
6785 6686
6784 6685
6783 6684
6782 6683
6781 6682
6780 6681
6779 6680
6778 6679
6777 6678
6776 6677
6775 6676
6774 6675
6773 6674
6772 6673
6771 6672
6770 6671
6769 6670
6768 6669
6767 6668
6766 6667
6765 6666
6764 6665
6763 6664
6762 6663
6761 6662
6760 6661
6759 6660
6758 6659
6757 6658
6756 6657
6755 6656
6754 6655
6753 6654
6752 6653
6751 6652
6750 6651
6749 6650
6748 6649
6747 6648
6746 6647
6745 6646
6744 6645
6743 6644
6742 6643
6741 6642
6740 6641
6739 6640
6738 6639
6737 6638
6736 6637
6735 6636
6734 6635
6733 6634
6732 6633
6731 6632
6730 6631
6729 6630
6728 6629
6727 6628
6726 6627
6725 6626
6724 6625
6723 6624
6722 6623
6721 6622
6720 6621
6719 6620
6718 6619
6717 6618
6716 6617
6715 6616
6714 6615
6713 6614
6712 6613
6711 6612
6710 6611
6709 6610
6708 6609
6707 6608
6706 6607
6705 6606
6704 6605
6703 6604
6702 6603
6701 6602
6700 6601
6699 6600
6698 6599
6697 6598
6696 6597
6695 6596
6694 6595
6693 6594
6692 6593
6691 6592
6690 6591
6689 6590
6688 6589
6687 6588
6686 6587
6685 6586
6684 6585
6683 6584
6682 6583
6681 6582
6680 6581
6679 6580
6678 6579
6677 6578
6676 6577
6675 6576
6674 6575
6673 6574
6672 6573
6671 6572
6670 6571
6669 6570
6668 6569
6667 6568
6666 6567
6665 6566
6664 6565
6663 6564
6662 6563
6661 6562
6660 6561
6659 6560
6658 6559
6657 6558
6656 6557
6655 6556
6654 6555
6653 6554
6652 6553
6651 6552
6650 6551
6649 6550
6648 6549
6647 6548
6646 6547
6645 6546
6644 6545
6643 6544
6642 6543
6641 6542
6640 6541
6639 6540
6638 6539
6637 6538
6636 6537
6635 6536
6634 6535
6633 6534
6632 6533
6631 6532
6630 6531
6629 6530
6628 6529
6627 6528
6626 6527
6625 6526
6624 6525
6623 6524
6622 6523
6621 6522
6620 6521
6619 6520
6618 6519
6617 6518
6616 6517
6615 6516
6614 6515
6613 6514
6612 6513
6611 6512
6610 6511
6609 6510
6608 6509
6607 6508
6606 6507
6605 6506
6604 6505
6603 6504
6602 6503
6601 6502
6600 6501
6599 6500
6598 6499
6597 6498
6596 6497
6595 6496
6594 6495
6593 6494
6592 6493
6591 6492
6590 6491
6589 6490
6588 6489
6587 6488
6586 6487
6585 6486
6584 6485
6583 6484
6582 6483
6581 6482
6580 6481
6579 6480
6578 6479
6577 6478
6576 6477
6575 6476
6574 6475
6573 6474
6572 6473
6571 6472
6570 6471
6569 6470
6568 6469
6567 6468
6566 6467
6565 6466
6564 6465
6563 6464
6562 6463
6561 6462
6560 6461
6559 6460
6558 6459
6557 6458
6556 6457
6555 6456
6554 6455
6553 6454
6552 6453
6551 6452
6550 6451
6549 6450
6548 6449
6547 6448
6546 6447
6545 6446
6544 6445
6543 6444
6542 6443
6541 6442
6540 6441
6539 6440
6538 6439
6537 6438
6536 6437
6535 6436
6534 6435
6533 6434
6532 6433
6531 6432
6530 6431
6529 6430
6528 6429
6527 6428
6526 6427
6525 6426
6524 6425
6523 6424
6522 6423
6521 6422
6520 6421
6519 6420
6518 6419
6517 6418
6516 6417
6515 6416
6514 6415
6513 6414
6512 6413
6511 6412
6510 6411
6509 6410
6508 6409
6507 6408
6506 6407
6505 6406
6504 6405
6503 6404
6502 6403
6501 6402
6500 6401
6499 6400
6498 6399
6497 6398
6496 6397
6495 6396
6494 6395
6493 6394
6492 6393
6491 6392
6490 6391
6489 6390
6488 6389
6487 6388
6486 6387
6485 6386
6484 6385
6483 6384
6482 6383
6481 6382
6480 6381
6479 6380
6478 6379
6477 6378
6476 6377
6475 6376
6474 6375
6473 6374
6472 6373
6471 6372
6470 6371
6469 6370
6468 6369
6467 6368
6466 6367
6465 6366
6464 6365
6463 6364
6462 6363
6461 6362
6460 6361
6459 6360
6458 6359
6457 6358
6456 6357
6455 6356
6454 6355
6453 6354
6452 6353
6451 6352
6450 6351
6449 6350
6448 6349
6447 6348
6446 6347
6445 6346
6444 6345
6443 6344
6442 6343
6441 6342
6440 6341
6439 6340
6438 6339
6437 6338
6436 6337
6435 6336
6434 6335
6433 6334
6432 6333
6431 6332
6430 6331
6429 6330
6428 6329
6427 6328
6426 6327
6425 6326
6424 6325
6423 6324
6422 6323
6421 6322
6420 6321
6419 6320
6418 6319
6417 6318
6416 6317
6415 6316
6414 6315
6413 6314
6412 6313
6411 6312
6410 6311
6409 6310
6408 6309
6407 6308
6406 6307
6405 6306
6404 6305
6403 6304
6402 6303
6401 6302
6400 6301
6399 6300
6398 6299
6397 6298
6396 6297
6395 6296
6394 6295
6393 6294
6392 6293
6391 6292
6390 6291
6389 6290
6388 6289
6387 6288
6386 6287
6385 6286
6384 6285
6383 6284
6382 6283
6381 6282
6380 6281
6379 6280
6378 6279
6377 6278
6376 6277
6375 6276
6374 6275
6373 6274
6372 6273
6371 6272
6370 6271
6369 6270
6368 6269
6367 6268
6366 6267
6365 6266
6364 6265
6363 6264
6362 6263
6361 6262
6360 6261
6359 6260
6358 6259
6357 6258
6356 6257
6355 6256
6354 6255
6353 6254
6352 6253
6351 6252
6350 6251
6349 6250
6348 6249
6347 6248
6346 6247
6345 6246
6344 6245
6343 6244
6342 6243
6341 6242
6340 6241
6339 6240
6338 6239
6337 6238
6336 6237
6335 6236
6334 6235
6333 6234
6332 6233
6331 6232
6330 6231
6329 6230
6328 6229
6327 6228
6326 6227
6325 6226
6324 6225
6323 6224
6322 6223
6321 6222
6320 6221
6319 6220
6318 6219
6317 6218
6316 6217
6315 6216
6314 6215
6313 6214
6312 6213
6311 6212
6310 6211
6309 6210
6308 6209
6307 6208
6306 6207
6305 6206
6304 6205
6303 6204
6302 6203
6301 6202
6300 6201
6299 6200
6298 6199
6297 6198
6296 6197
6295 6196
6294 6195
6293 6194
6292 6193
6291 6192
6290 6191
6289 6190
6288 6189
6287 6188
6286 6187
6285 6186
6284 6185
6283 6184
6282 6183
6281 6182
6280 6181
6279 6180
6278 6179
6277 6178
6276 6177
6275 6176
6274 6175
6273 6174
6272 6173
6271 6172
6270 6171
6269 6170
6268 6169
6267 6168
6266 6167
6265 6166
6264 6165
6263 6164
6262 6163
6261 6162
6260 6161
6259 6160
6258 6159
6257 6158
6256 6157
6255 6156
6254 6155
6253 6154
6252 6153
6251 6152
6250 6151
6249 6150
6248 6149
6247 6148
6246 6147
6245 6146
6244 6145
6243 6144
6242 6143
6241 6142
6240 6141
6239 6140
6238 6139
6237 6138
6236 6137
6235 6136
6234 6135
6233 6134
6232 6133
6231 6132
6230 6131
6229 6130
6228 6129
6227 6128
6226 6127
6225 6126
6224 6125
6223 6124
6222 6123
6221 6122
6220 6121
6219 6120
6218 6119
6217 6118
6216 6117
6215 6116
6214 6115
6213 6114
6212 6113
6211 6112
6210 6111
6209 6110
6208 6109
6207 6108
6206 6107
6205 6106
6204 6105
6203 6104
6202 6103
6201 6102
6200 6101
6199 6100
6198 6099
6197 6098
6196 6097
6195 6096
6194 6095
6193 6094
6192 6093
6191 6092
6190 6091
6189 6090
6188 6089
6187 6088
6186 6087
6185 6086
6184 6085
6183 6084
6182 6083
6181 6082
6180 6081
6179 6080
6178 6079
6177 6078
6176 6077
6175 6076
6174 6075
6173 6074
6172 6073
6171 6072
6170 6071
6169 6070
6168 6069
6167 6068
6166 6067
6165 6066
6164 6065
6163 6064
6162 6063
6161 6062
6160 6061
6159 6060
6158 6059
6157 6058
6156 6057
6155 6056
6154 6055
6153 6054
6152 6053
6151 6052
6150 6051
6149 6050
6148 6049
6147 6048
6146 6047
6145 6046
6144 6045
6143 6044
6142 6043
6141 6042
6140 6041
6139 6040
6138 6039
6137 6038
6136 6037
6135 6036
6134 6035
6133 6034
6132 6033
6131 6032
6130 6031
6129 6030
6128 6029
6127 6028
6126 6027
6125 6026
6124 6025
6123 6024
6122 6023
6121 6022
6120 6021
6119 6020
6118 6019
6117 6018
6116 6017
6115 6016
6114 6015
6113 6014
6112 6013
6111 6012
6110 6011
6109 6010
6108 6009
6107 6008
6106 6007
6105 6006
6104 6005
6103 6004
6102 6003
6101 6002
6100 6001
6099 6000
6098 5999
6097 5998
6096 5997
6095 5996
6094 5995
6093 5994
6092 5993
6091 5992
6090 5991
6089 5990
6088 5989
6087 5988
6086 5987
6085 5986
6084 5985
6083 5984
6082 5983
6081 5982
6080 5981
6079 5980
6078 5979
6077 5978
6076 5977
6075 5976
6074 5975
6073 5974
6072 5973
6071 5972
6070 5971
6069 5970
6068 5969
6067 5968
6066 5967
6065 5966
6064 5965
6063 5964
6062 5963
6061 5962
6060 5961
6059 5960
6058 5959
6057 5958
6056 5957
6055 5956
6054 5955
6053 5954
6052 5953
6051 5952
6050 5951
6049 5950
6048 5949
6047 5948
6046 5947
6045 5946
6044 5945
6043 5944
6042 5943
6041 5942
6040 5941
6039 5940
6038 5939
6037 5938
6036 5937
6035 5936
6034 5935
6033 5934
6032 5933
6031 5932
6030 5931
6029 5930
6028 5929
6027 5928
6026 5927
6025 5926
6024 5925
6023 5924
6022 5923
6021 5922
6020 5921
6019 5920
6018 5919
6017 5918
6016 5917
6015 5916
6014 5915
6013 5914
6012 5913
6011 5912
6010 5911
6009 5910
6008 5909
6007 5908
6006 5907
6005 5906
6004 5905
6003 5904
6002 5903
6001 5902
6000 5901
5999 5900
5998 5899
5997 5898
5996 5897
5995 5896
5994 5895
5993 5894
5992 5893
5991 5892
5990 5891
5989 5890
5988 5889
5987 5888
5986 5887
5985 5886
5984 5885
5983 5884
5982 5883
5981 5882
5980 5881
5979 5880
5978 5879
5977 5878
5976 5877
5975 5876
5974 5875
5973 5874
5972 5873
5971 5872
5970 5871
5969 5870
5968 5869
5967 5868
5966 5867
5965 5866
5964 5865
5963 5864
5962 5863
5961 5862
5960 5861
5959 5860
5958 5859
5957 5858
5956 5857
5955 5856
5954 5855
5953 5854
5952 5853
5951 5852
5950 5851
5949 5850
5948 5849
5947 5848
5946 5847
5945 5846
5944 5845
5943 5844
5942 5843
5941 5842
5940 5841
5939 5840
5938 5839
5937 5838
5936 5837
5935 5836
5934 5835
5933 5834
5932 5833
5931 5832
5930 5831
5929 5830
5928 5829
5927 5828
5926 5827
5925 5826
5924 5825
5923 5824
5922 5823
5921 5822
5920 5821
5919 5820
5918 5819
5917 5818
5916 5817
5915 5816
5914 5815
5913 5814
5912 5813
5911 5812
5910 5811
5909 5810
5908 5809
5907 5808
5906 5807
5905 5806
5904 5805
5903 5804
5902 5803
5901 5802
5900 5801
5899 5800
5898 5799
5897 5798
5896 5797
5895 5796
5894 5795
5893 5794
5892 5793
5891 5792
5890 5791
5889 5790
5888 5789
5887 5788
5886 5787
5885 5786
5884 5785
5883 5784
5882 5783
5881 5782
5880 5781
5879 5780
5878 5779
5877 5778
5876 5777
5875 5776
5874 5775
5873 5774
5872 5773
5871 5772
5870 5771
5869 5770
5868 5769
5867 5768
5866 5767
5865 5766
5864 5765
5863 5764
5862 5763
5861 5762
5860 5761
5859 5760
5858 5759
5857 5758
5856 5757
5855 5756
5854 5755
5853 5754
5852 5753
5851 5752
5850 5751
5849 5750
5848 5749
5847 5748
5846 5747
5845 5746
5844 5745
5843 5744
5842 5743
5841 5742
5840 5741
5839 5740
5838 5739
5837 5738
5836 5737
5835 5736
5834 5735
5833 5734
5832 5733
5831 5732
5830 5731
5829 5730
5828 5729
5827 5728
5826 5727
5825 5726
5824 5725
5823 5724
5822 5723
5821 5722
5820 5721
5819 5720
5818 5719
5817 5718
5816 5717
5815 5716
5814 5715
5813 5714
5812 5713
5811 5712
5810 5711
5809 5710
5808 5709
5807 5708
5806 5707
5805 5706
5804 5705
5803 5704
5802 5703
5801 5702
5800 5701
5799 5700
5798 5699
5797 5698
5796 5697
5795 5696
5794 5695
5793 5694
5792 5693
5791 5692
5790 5691
5789 5690
5788 5689
5787 5688
5786 5687
5785 5686
5784 5685
5783 5684
5782 5683
5781 5682
5780 5681
5779 5680
5778 5679
5777 5678
5776 5677
5775 5676
5774 5675
5773 5674
5772 5673
5771 5672
5770 5671
5769 5670
5768 5669
5767 5668
5766 5667
5765 5666
5764 5665
5763 5664
5762 5663
5761 5662
5760 5661
5759 5660
5758 5659
5757 5658
5756 5657
5755 5656
5754 5655
5753 5654
5752 5653
5751 5652
5750 5651
5749 5650
5748 5649
5747 5648
5746 5647
5745 5646
5744 5645
5743 5644
5742 5643
5741 5642
5740 5641
5739 5640
5738 5639
5737 5638
5736 5637
5735 5636
5734 5635
5733 5634
5732 5633
5731 5632
5730 5631
5729 5630
5728 5629
5727 5628
5726 5627
5725 5626
5724 5625
5723 5624
5722 5623
5721 5622
5720 5621
5719 5620
5718 5619
5717 5618
5716 5617
5715 5616
5714 5615
5713 5614
5712 5613
5711 5612
5710 5611
5709 5610
5708 5609
5707 5608
5706 5607
5705 5606
5704 5605
5703 5604
5702 5603
5701 5602
5700 5601
5699 5600
5698 5599
5697 5598
5696 5597
5695 5596
5694 5595
5693 5594
5692 5593
5691 5592
5690 5591
5689 5590
5688 5589
5687 5588
5686 5587
5685 5586
5684 5585
5683 5584
5682 5583
5681 5582
5680 5581
5679 5580
5678 5579
5677 5578
5676 5577
5675 5576
5674 5575
5673 5574
5672 5573
5671 5572
5670 5571
5669 5570
5668 5569
5667 5568
5666 5567
5665 5566
5664 5565
5663 5564
5662 5563
5661 5562
5660 5561
5659 5560
5658 5559
5657 5558
5656 5557
5655 5556
5654 5555
5653 5554
5652 5553
5651 5552
5650 5551
5649 5550
5648 5549
5647 5548
5646 5547
5645 5546
5644 5545
5643 5544
5642 5543
5641 5542
5640 5541
5639 5540
5638 5539
5637 5538
5636 5537
5635 5536
5634 5535
5633 5534
5632 5533
5631 5532
5630 5531
5629 5530
5628 5529
5627 5528
5626 5527
5625 5526
5624 5525
5623 5524
5622 5523
5621 5522
5620 5521
5619 5520
5618 5519
5617 5518
5616 5517
5615 5516
5614 5515
5613 5514
5612 5513
5611 5512
5610 5511
5609 5510
5608 5509
5607 5508
5606 5507
5605 5506
5604 5505
5603 5504
5602 5503
5601 5502
5600 5501
5599 5500
5598 5499
5597 5498
5596 5497
5595 5496
5594 5495
5593 5494
5592 5493
5591 5492
5590 5491
5589 5490
5588 5489
5587 5488
5586 5487
5585 5486
5584 5485
5583 5484
5582 5483
5581 5482
5580 5481
5579 5480
5578 5479
5577 5478
5576 5477
5575 5476
5574 5475
5573 5474
5572 5473
5571 5472
5570 5471
5569 5470
5568 5469
5567 5468
5566 5467
5565 5466
5564 5465
5563 5464
5562 5463
5561 5462
5560 5461
5559 5460
5558 5459
5557 5458
5556 5457
5555 5456
5554 5455
5553 5454
5552 5453
5551 5452
5550 5451
5549 5450
5548 5449
5547 5448
5546 5447
5545 5446
5544 5445
5543 5444
5542 5443
5541 5442
5540 5441
5539 5440
5538 5439
5537 5438
5536 5437
5535 5436
5534 5435
5533 5434
5532 5433
5531 5432
5530 5431
5529 5430
5528 5429
5527 5428
5526 5427
5525 5426
5524 5425
5523 5424
5522 5423
5521 5422
5520 5421
5519 5420
5518 5419
5517 5418
5516 5417
5515 5416
5514 5415
5513 5414
5512 5413
5511 5412
5510 5411
5509 5410
5508 5409
5507 5408
5506 5407
5505 5406
5504 5405
5503 5404
5502 5403
5501 5402
5500 5401
5499 5400
5498 5399
5497 5398
5496 5397
5495 5396
5494 5395
5493 5394
5492 5393
5491 5392
5490 5391
5489 5390
5488 5389
5487 5388
5486 5387
5485 5386
5484 5385
5483 5384
5482 5383
5481 5382
5480 5381
5479 5380
5478 5379
5477 5378
5476 5377
5475 5376
5474 5375
5473 5374
5472 5373
5471 5372
5470 5371
5469 5370
5468 5369
5467 5368
5466 5367
5465 5366
5464 5365
5463 5364
5462 5363
5461 5362
5460 5361
5459 5360
5458 5359
5457 5358
5456 5357
5455 5356
5454 5355
5453 5354
5452 5353
5451 5352
5450 5351
5449 5350
5448 5349
5447 5348
5446 5347
5445 5346
5444 5345
5443 5344
5442 5343
5441 5342
5440 5341
5439 5340
5438 5339
5437 5338
5436 5337
5435 5336
5434 5335
5433 5334
5432 5333
5431 5332
5430 5331
5429 5330
5428 5329
5427 5328
5426 5327
5425 5326
5424 5325
5423 5324
5422 5323
5421 5322
5420 5321
5419 5320
5418 5319
5417 5318
5416 5317
5415 5316
5414 5315
5413 5314
5412 5313
5411 5312
5410 5311
5409 5310
5408 5309
5407 5308
5406 5307
5405 5306
5404 5305
5403 5304
5402 5303
5401 5302
5400 5301
5399 5300
5398 5299
5397 5298
5396 5297
5395 5296
5394 5295
5393 5294
5392 5293
5391 5292
5390 5291
5389 5290
5388 5289
5387 5288
5386 5287
5385 5286
5384 5285
5383 5284
5382 5283
5381 5282
5380 5281
5379 5280
5378 5279
5377 5278
5376 5277
5375 5276
5374 5275
5373 5274
5372 5273
5371 5272
5370 5271
5369 5270
5368 5269
5367 5268
5366 5267
5365 5266
5364 5265
5363 5264
5362 5263
5361 5262
5360 5261
5359 5260
5358 5259
5357 5258
5356 5257
5355 5256
5354 5255
5353 5254
5352 5253
5351 5252
5350 5251
5349 5250
5348 5249
5347 5248
5346 5247
5345 5246
5344 5245
5343 5244
5342 5243
5341 5242
5340 5241
5339 5240
5338 5239
5337 5238
5336 5237
5335 5236
5334 5235
5333 5234
5332 5233
5331 5232
5330 5231
5329 5230
5328 5229
5327 5228
5326 5227
5325 5226
5324 5225
5323 5224
5322 5223
5321 5222
5320 5221
5319 5220
5318 5219
5317 5218
5316 5217
5315 5216
5314 5215
5313 5214
5312 5213
5311 5212
5310 5211
5309 5210
5308 5209
5307 5208
5306 5207
5305 5206
5304 5205
5303 5204
5302 5203
5301 5202
5300 5201
5299 5200
5298 5199
5297 5198
5296 5197
5295 5196
5294 5195
5293 5194
5292 5193
5291 5192
5290 5191
5289 5190
5288 5189
5287 5188
5286 5187
5285 5186
5284 5185
5283 5184
5282 5183
5281 5182
5280 5181
5279 5180
5278 5179
5277 5178
5276 5177
5275 5176
5274 5175
5273 5174
5272 5173
5271 5172
5270 5171
5269 5170
5268 5169
5267 5168
5266 5167
5265 5166
5264 5165
5263 5164
5262 5163
5261 5162
5260 5161
5259 5160
5258 5159
5257 5158
5256 5157
5255 5156
5254 5155
5253 5154
5252 5153
5251 5152
5250 5151
5249 5150
5248 5149
5247 5148
5246 5147
5245 5146
5244 5145
5243 5144
5242 5143
5241 5142
5240 5141
5239 5140
5238 5139
5237 5138
5236 5137
5235 5136
5234 5135
5233 5134
5232 5133
5231 5132
5230 5131
5229 5130
5228 5129
5227 5128
5226 5127
5225 5126
5224 5125
5223 5124
5222 5123
5221 5122
5220 5121
5219 5120
5218 5119
5217 5118
5216 5117
5215 5116
5214 5115
5213 5114
5212 5113
5211 5112
5210 5111
5209 5110
5208 5109
5207 5108
5206 5107
5205 5106
5204 5105
5203 5104
5202 5103
5201 5102
5200 5101
5199 5100
5198 5099
5197 5098
5196 5097
5195 5096
5194 5095
5193 5094
5192 5093
5191 5092
5190 5091
5189 5090
5188 5089
5187 5088
5186 5087
5185 5086
5184 5085
5183 5084
5182 5083
5181 5082
5180 5081
5179 5080
5178 5079
5177 5078
5176 5077
5175 5076
5174 5075
5173 5074
5172 5073
5171 5072
5170 5071
5169 5070
5168 5069
5167 5068
5166 5067
5165 5066
5164 5065
5163 5064
5162 5063
5161 5062
5160 5061
5159 5060
5158 5059
5157 5058
5156 5057
5155 5056
5154 5055
5153 5054
5152 5053
5151 5052
5150 5051
5149 5050
5148 5049
5147 5048
5146 5047
5145 5046
5144 5045
5143 5044
5142 5043
5141 5042
5140 5041
5139 5040
5138 5039
5137 5038
5136 5037
5135 5036
5134 5035
5133 5034
5132 5033
5131 5032
5130 5031
5129 5030
5128 5029
5127 5028
5126 5027
5125 5026
5124 5025
5123 5024
5122 5023
5121 5022
5120 5021
5119 5020
5118 5019
5117 5018
5116 5017
5115 5016
5114 5015
5113 5014
5112 5013
5111 5012
5110 5011
5109 5010
5108 5009
5107 5008
5106 5007
5105 5006
5104 5005
5103 5004
5102 5003
5101 5002
5100 5001
5099 5000
5098 4999
5097 4998
5096 4997
5095 4996
5094 4995
5093 4994
5092 4993
5091 4992
5090 4991
5089 4990
5088 4989
5087 4988
5086 4987
5085 4986
5084 4985
5083 4984
5082 4983
5081 4982
5080 4981
5079 4980
5078 4979
5077 4978
5076 4977
5075 4976
5074 4975
5073 4974
5072 4973
5071 4972
5070 4971
5069 4970
5068 4969
5067 4968
5066 4967
5065 4966
5064 4965
5063 4964
5062 4963
5061 4962
5060 4961
5059 4960
5058 4959
5057 4958
5056 4957
5055 4956
5054 4955
5053 4954
5052 4953
5051 4952
5050 4951
5049 4950
5048 4949
5047 4948
5046 4947
5045 4946
5044 4945
5043 4944
5042 4943
5041 4942
5040 4941
5039 4940
5038 4939
5037 4938
5036 4937
5035 4936
5034 4935
5033 4934
5032 4933
5031 4932
5030 4931
5029 4930
5028 4929
5027 4928
5026 4927
5025 4926
5024 4925
5023 4924
5022 4923
5021 4922
5020 4921
5019 4920
5018 4919
5017 4918
5016 4917
5015 4916
5014 4915
5013 4914
5012 4913
5011 4912
5010 4911
5009 4910
5008 4909
5007 4908
5006 4907
5005 4906
5004 4905
5003 4904
5002 4903
5001 4902
5000 4901
4999 4900
4998 4899
4997 4898
4996 4897
4995 4896
4994 4895
4993 4894
4992 4893
4991 4892
4990 4891
4989 4890
4988 4889
4987 4888
4986 4887
4985 4886
4984 4885
4983 4884
4982 4883
4981 4882
4980 4881
4979 4880
4978 4879
4977 4878
4976 4877
4975 4876
4974 4875
4973 4874
4972 4873
4971 4872
4970 4871
4969 4870
4968 4869
4967 4868
4966 4867
4965 4866
4964 4865
4963 4864
4962 4863
4961 4862
4960 4861
4959 4860
4958 4859
4957 4858
4956 4857
4955 4856
4954 4855
4953 4854
4952 4853
4951 4852
4950 4851
4949 4850
4948 4849
4947 4848
4946 4847
4945 4846
4944 4845
4943 4844
4942 4843
4941 4842
4940 4841
4939 4840
4938 4839
4937 4838
4936 4837
4935 4836
4934 4835
4933 4834
4932 4833
4931 4832
4930 4831
4929 4830
4928 4829
4927 4828
4926 4827
4925 4826
4924 4825
4923 4824
4922 4823
4921 4822
4920 4821
4919 4820
4918 4819
4917 4818
4916 4817
4915 4816
4914 4815
4913 4814
4912 4813
4911 4812
4910 4811
4909 4810
4908 4809
4907 4808
4906 4807
4905 4806
4904 4805
4903 4804
4902 4803
4901 4802
4900 4801
4899 4800
4898 4799
4897 4798
4896 4797
4895 4796
4894 4795
4893 4794
4892 4793
4891 4792
4890 4791
4889 4790
4888 4789
4887 4788
4886 4787
4885 4786
4884 4785
4883 4784
4882 4783
4881 4782
4880 4781
4879 4780
4878 4779
4877 4778
4876 4777
4875 4776
4874 4775
4873 4774
4872 4773
4871 4772
4870 4771
4869 4770
4868 4769
4867 4768
4866 4767
4865 4766
4864 4765
4863 4764
4862 4763
4861 4762
4860 4761
4859 4760
4858 4759
4857 4758
4856 4757
4855 4756
4854 4755
4853 4754
4852 4753
4851 4752
4850 4751
4849 4750
4848 4749
4847 4748
4846 4747
4845 4746
4844 4745
4843 4744
4842 4743
4841 4742
4840 4741
4839 4740
4838 4739
4837 4738
4836 4737
4835 4736
4834 4735
4833 4734
4832 4733
4831 4732
4830 4731
4829 4730
4828 4729
4827 4728
4826 4727
4825 4726
4824 4725
4823 4724
4822 4723
4821 4722
4820 4721
4819 4720
4818 4719
4817 4718
4816 4717
4815 4716
4814 4715
4813 4714
4812 4713
4811 4712
4810 4711
4809 4710
4808 4709
4807 4708
4806 4707
4805 4706
4804 4705
4803 4704
4802 4703
4801 4702
4800 4701
4799 4700
4798 4699
4797 4698
4796 4697
4795 4696
4794 4695
4793 4694
4792 4693
4791 4692
4790 4691
4789 4690
4788 4689
4787 4688
4786 4687
4785 4686
4784 4685
4783 4684
4782 4683
4781 4682
4780 4681
4779 4680
4778 4679
4777 4678
4776 4677
4775 4676
4774 4675
4773 4674
4772 4673
4771 4672
4770 4671
4769 4670
4768 4669
4767 4668
4766 4667
4765 4666
4764 4665
4763 4664
4762 4663
4761 4662
4760 4661
4759 4660
4758 4659
4757 4658
4756 4657
4755 4656
4754 4655
4753 4654
4752 4653
4751 4652
4750 4651
4749 4650
4748 4649
4747 4648
4746 4647
4745 4646
4744 4645
4743 4644
4742 4643
4741 4642
4740 4641
4739 4640
4738 4639
4737 4638
4736 4637
4735 4636
4734 4635
4733 4634
4732 4633
4731 4632
4730 4631
4729 4630
4728 4629
4727 4628
4726 4627
4725 4626
4724 4625
4723 4624
4722 4623
4721 4622
4720 4621
4719 4620
4718 4619
4717 4618
4716 4617
4715 4616
4714 4615
4713 4614
4712 4613
4711 4612
4710 4611
4709 4610
4708 4609
4707 4608
4706 4607
4705 4606
4704 4605
4703 4604
4702 4603
4701 4602
4700 4601
4699 4600
4698 4599
4697 4598
4696 4597
4695 4596
4694 4595
4693 4594
4692 4593
4691 4592
4690 4591
4689 4590
4688 4589
4687 4588
4686 4587
4685 4586
4684 4585
4683 4584
4682 4583
4681 4582
4680 4581
4679 4580
4678 4579
4677 4578
4676 4577
4675 4576
4674 4575
4673 4574
4672 4573
4671 4572
4670 4571
4669 4570
4668 4569
4667 4568
4666 4567
4665 4566
4664 4565
4663 4564
4662 4563
4661 4562
4660 4561
4659 4560
4658 4559
4657 4558
4656 4557
4655 4556
4654 4555
4653 4554
4652 4553
4651 4552
4650 4551
4649 4550
4648 4549
4647 4548
4646 4547
4645 4546
4644 4545
4643 4544
4642 4543
4641 4542
4640 4541
4639 4540
4638 4539
4637 4538
4636 4537
4635 4536
4634 4535
4633 4534
4632 4533
4631 4532
4630 4531
4629 4530
4628 4529
4627 4528
4626 4527
4625 4526
4624 4525
4623 4524
4622 4523
4621 4522
4620 4521
4619 4520
4618 4519
4617 4518
4616 4517
4615 4516
4614 4515
4613 4514
4612 4513
4611 4512
4610 4511
4609 4510
4608 4509
4607 4508
4606 4507
4605 4506
4604 4505
4603 4504
4602 4503
4601 4502
4600 4501
4599 4500
4598 4499
4597 4498
4596 4497
4595 4496
4594 4495
4593 4494
4592 4493
4591 4492
4590 4491
4589 4490
4588 4489
4587 4488
4586 4487
4585 4486
4584 4485
4583 4484
4582 4483
4581 4482
4580 4481
4579 4480
4578 4479
4577 4478
4576 4477
4575 4476
4574 4475
4573 4474
4572 4473
4571 4472
4570 4471
4569 4470
4568 4469
4567 4468
4566 4467
4565 4466
4564 4465
4563 4464
4562 4463
4561 4462
4560 4461
4559 4460
4558 4459
4557 4458
4556 4457
4555 4456
4554 4455
4553 4454
4552 4453
4551 4452
4550 4451
4549 4450
4548 4449
4547 4448
4546 4447
4545 4446
4544 4445
4543 4444
4542 4443
4541 4442
4540 4441
4539 4440
4538 4439
4537 4438
4536 4437
4535 4436
4534 4435
4533 4434
4532 4433
4531 4432
4530 4431
4529 4430
4528 4429
4527 4428
4526 4427
4525 4426
4524 4425
4523 4424
4522 4423
4521 4422
4520 4421
4519 4420
4518 4419
4517 4418
4516 4417
4515 4416
4514 4415
4513 4414
4512 4413
4511 4412
4510 4411
4509 4410
4508 4409
4507 4408
4506 4407
4505 4406
4504 4405
4503 4404
4502 4403
4501 4402
4500 4401
4499 4400
4498 4399
4497 4398
4496 4397
4495 4396
4494 4395
4493 4394
4492 4393
4491 4392
4490 4391
4489 4390
4488 4389
4487 4388
4486 4387
4485 4386
4484 4385
4483 4384
4482 4383
4481 4382
4480 4381
4479 4380
4478 4379
4477 4378
4476 4377
4475 4376
4474 4375
4473 4374
4472 4373
4471 4372
4470 4371
4469 4370
4468 4369
4467 4368
4466 4367
4465 4366
4464 4365
4463 4364
4462 4363
4461 4362
4460 4361
4459 4360
4458 4359
4457 4358
4456 4357
4455 4356
4454 4355
4453 4354
4452 4353
4451 4352
4450 4351
4449 4350
4448 4349
4447 4348
4446 4347
4445 4346
4444 4345
4443 4344
4442 4343
4441 4342
4440 4341
4439 4340
4438 4339
4437 4338
4436 4337
4435 4336
4434 4335
4433 4334
4432 4333
4431 4332
4430 4331
4429 4330
4428 4329
4427 4328
4426 4327
4425 4326
4424 4325
4423 4324
4422 4323
4421 4322
4420 4321
4419 4320
4418 4319
4417 4318
4416 4317
4415 4316
4414 4315
4413 4314
4412 4313
4411 4312
4410 4311
4409 4310
4408 4309
4407 4308
4406 4307
4405 4306
4404 4305
4403 4304
4402 4303
4401 4302
4400 4301
4399 4300
4398 4299
4397 4298
4396 4297
4395 4296
4394 4295
4393 4294
4392 4293
4391 4292
4390 4291
4389 4290
4388 4289
4387 4288
4386 4287
4385 4286
4384 4285
4383 4284
4382 4283
4381 4282
4380 4281
4379 4280
4378 4279
4377 4278
4376 4277
4375 4276
4374 4275
4373 4274
4372 4273
4371 4272
4370 4271
4369 4270
4368 4269
4367 4268
4366 4267
4365 4266
4364 4265
4363 4264
4362 4263
4361 4262
4360 4261
4359 4260
4358 4259
4357 4258
4356 4257
4355 4256
4354 4255
4353 4254
4352 4253
4351 4252
4350 4251
4349 4250
4348 4249
4347 4248
4346 4247
4345 4246
4344 4245
4343 4244
4342 4243
4341 4242
4340 4241
4339 4240
4338 4239
4337 4238
4336 4237
4335 4236
4334 4235
4333 4234
4332 4233
4331 4232
4330 4231
4329 4230
4328 4229
4327 4228
4326 4227
4325 4226
4324 4225
4323 4224
4322 4223
4321 4222
4320 4221
4319 4220
4318 4219
4317 4218
4316 4217
4315 4216
4314 4215
4313 4214
4312 4213
4311 4212
4310 4211
4309 4210
4308 4209
4307 4208
4306 4207
4305 4206
4304 4205
4303 4204
4302 4203
4301 4202
4300 4201
4299 4200
4298 4199
4297 4198
4296 4197
4295 4196
4294 4195
4293 4194
4292 4193
4291 4192
4290 4191
4289 4190
4288 4189
4287 4188
4286 4187
4285 4186
4284 4185
4283 4184
4282 4183
4281 4182
4280 4181
4279 4180
4278 4179
4277 4178
4276 4177
4275 4176
4274 4175
4273 4174
4272 4173
4271 4172
4270 4171
4269 4170
4268 4169
4267 4168
4266 4167
4265 4166
4264 4165
4263 4164
4262 4163
4261 4162
4260 4161
4259 4160
4258 4159
4257 4158
4256 4157
4255 4156
4254 4155
4253 4154
4252 4153
4251 4152
4250 4151
4249 4150
4248 4149
4247 4148
4246 4147
4245 4146
4244 4145
4243 4144
4242 4143
4241 4142
4240 4141
4239 4140
4238 4139
4237 4138
4236 4137
4235 4136
4234 4135
4233 4134
4232 4133
4231 4132
4230 4131
4229 4130
4228 4129
4227 4128
4226 4127
4225 4126
4224 4125
4223 4124
4222 4123
4221 4122
4220 4121
4219 4120
4218 4119
4217 4118
4216 4117
4215 4116
4214 4115
4213 4114
4212 4113
4211 4112
4210 4111
4209 4110
4208 4109
4207 4108
4206 4107
4205 4106
4204 4105
4203 4104
4202 4103
4201 4102
4200 4101
4199 4100
4198 4099
4197 4098
4196 4097
4195 4096
4194 4095
4193 4094
4192 4093
4191 4092
4190 4091
4189 4090
4188 4089
4187 4088
4186 4087
4185 4086
4184 4085
4183 4084
4182 4083
4181 4082
4180 4081
4179 4080
4178 4079
4177 4078
4176 4077
4175 4076
4174 4075
4173 4074
4172 4073
4171 4072
4170 4071
4169 4070
4168 4069
4167 4068
4166 4067
4165 4066
4164 4065
4163 4064
4162 4063
4161 4062
4160 4061
4159 4060
4158 4059
4157 4058
4156 4057
4155 4056
4154 4055
4153 4054
4152 4053
4151 4052
4150 4051
4149 4050
4148 4049
4147 4048
4146 4047
4145 4046
4144 4045
4143 4044
4142 4043
4141 4042
4140 4041
4139 4040
4138 4039
4137 4038
4136 4037
4135 4036
4134 4035
4133 4034
4132 4033
4131 4032
4130 4031
4129 4030
4128 4029
4127 4028
4126 4027
4125 4026
4124 4025
4123 4024
4122 4023
4121 4022
4120 4021
4119 4020
4118 4019
4117 4018
4116 4017
4115 4016
4114 4015
4113 4014
4112 4013
4111 4012
4110 4011
4109 4010
4108 4009
4107 4008
4106 4007
4105 4006
4104 4005
4103 4004
4102 4003
4101 4002
4100 4001
4099 4000
4098 3999
4097 3998
4096 3997
4095 3996
4094 3995
4093 3994
4092 3993
4091 3992
4090 3991
4089 3990
4088 3989
4087 3988
4086 3987
4085 3986
4084 3985
4083 3984
4082 3983
4081 3982
4080 3981
4079 3980
4078 3979
4077 3978
4076 3977
4075 3976
4074 3975
4073 3974
4072 3973
4071 3972
4070 3971
4069 3970
4068 3969
4067 3968
4066 3967
4065 3966
4064 3965
4063 3964
4062 3963
4061 3962
4060 3961
4059 3960
4058 3959
4057 3958
4056 3957
4055 3956
4054 3955
4053 3954
4052 3953
4051 3952
4050 3951
4049 3950
4048 3949
4047 3948
4046 3947
4045 3946
4044 3945
4043 3944
4042 3943
4041 3942
4040 3941
4039 3940
4038 3939
4037 3938
4036 3937
4035 3936
4034 3935
4033 3934
4032 3933
4031 3932
4030 3931
4029 3930
4028 3929
4027 3928
4026 3927
4025 3926
4024 3925
4023 3924
4022 3923
4021 3922
4020 3921
4019 3920
4018 3919
4017 3918
4016 3917
4015 3916
4014 3915
4013 3914
4012 3913
4011 3912
4010 3911
4009 3910
4008 3909
4007 3908
4006 3907
4005 3906
4004 3905
4003 3904
4002 3903
4001 3902
4000 3901
3999 3900
3998 3899
3997 3898
3996 3897
3995 3896
3994 3895
3993 3894
3992 3893
3991 3892
3990 3891
3989 3890
3988 3889
3987 3888
3986 3887
3985 3886
3984 3885
3983 3884
3982 3883
3981 3882
3980 3881
3979 3880
3978 3879
3977 3878
3976 3877
3975 3876
3974 3875
3973 3874
3972 3873
3971 3872
3970 3871
3969 3870
3968 3869
3967 3868
3966 3867
3965 3866
3964 3865
3963 3864
3962 3863
3961 3862
3960 3861
3959 3860
3958 3859
3957 3858
3956 3857
3955 3856
3954 3855
3953 3854
3952 3853
3951 3852
3950 3851
3949 3850
3948 3849
3947 3848
3946 3847
3945 3846
3944 3845
3943 3844
3942 3843
3941 3842
3940 3841
3939 3840
3938 3839
3937 3838
3936 3837
3935 3836
3934 3835
3933 3834
3932 3833
3931 3832
3930 3831
3929 3830
3928 3829
3927 3828
3926 3827
3925 3826
3924 3825
3923 3824
3922 3823
3921 3822
3920 3821
3919 3820
3918 3819
3917 3818
3916 3817
3915 3816
3914 3815
3913 3814
3912 3813
3911 3812
3910 3811
3909 3810
3908 3809
3907 3808
3906 3807
3905 3806
3904 3805
3903 3804
3902 3803
3901 3802
3900 3801
3899 3800
3898 3799
3897 3798
3896 3797
3895 3796
3894 3795
3893 3794
3892 3793
3891 3792
3890 3791
3889 3790
3888 3789
3887 3788
3886 3787
3885 3786
3884 3785
3883 3784
3882 3783
3881 3782
3880 3781
3879 3780
3878 3779
3877 3778
3876 3777
3875 3776
3874 3775
3873 3774
3872 3773
3871 3772
3870 3771
3869 3770
3868 3769
3867 3768
3866 3767
3865 3766
3864 3765
3863 3764
3862 3763
3861 3762
3860 3761
3859 3760
3858 3759
3857 3758
3856 3757
3855 3756
3854 3755
3853 3754
3852 3753
3851 3752
3850 3751
3849 3750
3848 3749
3847 3748
3846 3747
3845 3746
3844 3745
3843 3744
3842 3743
3841 3742
3840 3741
3839 3740
3838 3739
3837 3738
3836 3737
3835 3736
3834 3735
3833 3734
3832 3733
3831 3732
3830 3731
3829 3730
3828 3729
3827 3728
3826 3727
3825 3726
3824 3725
3823 3724
3822 3723
3821 3722
3820 3721
3819 3720
3818 3719
3817 3718
3816 3717
3815 3716
3814 3715
3813 3714
3812 3713
3811 3712
3810 3711
3809 3710
3808 3709
3807 3708
3806 3707
3805 3706
3804 3705
3803 3704
3802 3703
3801 3702
3800 3701
3799 3700
3798 3699
3797 3698
3796 3697
3795 3696
3794 3695
3793 3694
3792 3693
3791 3692
3790 3691
3789 3690
3788 3689
3787 3688
3786 3687
3785 3686
3784 3685
3783 3684
3782 3683
3781 3682
3780 3681
3779 3680
3778 3679
3777 3678
3776 3677
3775 3676
3774 3675
3773 3674
3772 3673
3771 3672
3770 3671
3769 3670
3768 3669
3767 3668
3766 3667
3765 3666
3764 3665
3763 3664
3762 3663
3761 3662
3760 3661
3759 3660
3758 3659
3757 3658
3756 3657
3755 3656
3754 3655
3753 3654
3752 3653
3751 3652
3750 3651
3749 3650
3748 3649
3747 3648
3746 3647
3745 3646
3744 3645
3743 3644
3742 3643
3741 3642
3740 3641
3739 3640
3738 3639
3737 3638
3736 3637
3735 3636
3734 3635
3733 3634
3732 3633
3731 3632
3730 3631
3729 3630
3728 3629
3727 3628
3726 3627
3725 3626
3724 3625
3723 3624
3722 3623
3721 3622
3720 3621
3719 3620
3718 3619
3717 3618
3716 3617
3715 3616
3714 3615
3713 3614
3712 3613
3711 3612
3710 3611
3709 3610
3708 3609
3707 3608
3706 3607
3705 3606
3704 3605
3703 3604
3702 3603
3701 3602
3700 3601
3699 3600
3698 3599
3697 3598
3696 3597
3695 3596
3694 3595
3693 3594
3692 3593
3691 3592
3690 3591
3689 3590
3688 3589
3687 3588
3686 3587
3685 3586
3684 3585
3683 3584
3682 3583
3681 3582
3680 3581
3679 3580
3678 3579
3677 3578
3676 3577
3675 3576
3674 3575
3673 3574
3672 3573
3671 3572
3670 3571
3669 3570
3668 3569
3667 3568
3666 3567
3665 3566
3664 3565
3663 3564
3662 3563
3661 3562
3660 3561
3659 3560
3658 3559
3657 3558
3656 3557
3655 3556
3654 3555
3653 3554
3652 3553
3651 3552
3650 3551
3649 3550
3648 3549
3647 3548
3646 3547
3645 3546
3644 3545
3643 3544
3642 3543
3641 3542
3640 3541
3639 3540
3638 3539
3637 3538
3636 3537
3635 3536
3634 3535
3633 3534
3632 3533
3631 3532
3630 3531
3629 3530
3628 3529
3627 3528
3626 3527
3625 3526
3624 3525
3623 3524
3622 3523
3621 3522
3620 3521
3619 3520
3618 3519
3617 3518
3616 3517
3615 3516
3614 3515
3613 3514
3612 3513
3611 3512
3610 3511
3609 3510
3608 3509
3607 3508
3606 3507
3605 3506
3604 3505
3603 3504
3602 3503
3601 3502
3600 3501
3599 3500
3598 3499
3597 3498
3596 3497
3595 3496
3594 3495
3593 3494
3592 3493
3591 3492
3590 3491
3589 3490
3588 3489
3587 3488
3586 3487
3585 3486
3584 3485
3583 3484
3582 3483
3581 3482
3580 3481
3579 3480
3578 3479
3577 3478
3576 3477
3575 3476
3574 3475
3573 3474
3572 3473
3571 3472
3570 3471
3569 3470
3568 3469
3567 3468
3566 3467
3565 3466
3564 3465
3563 3464
3562 3463
3561 3462
3560 3461
3559 3460
3558 3459
3557 3458
3556 3457
3555 3456
3554 3455
3553 3454
3552 3453
3551 3452
3550 3451
3549 3450
3548 3449
3547 3448
3546 3447
3545 3446
3544 3445
3543 3444
3542 3443
3541 3442
3540 3441
3539 3440
3538 3439
3537 3438
3536 3437
3535 3436
3534 3435
3533 3434
3532 3433
3531 3432
3530 3431
3529 3430
3528 3429
3527 3428
3526 3427
3525 3426
3524 3425
3523 3424
3522 3423
3521 3422
3520 3421
3519 3420
3518 3419
3517 3418
3516 3417
3515 3416
3514 3415
3513 3414
3512 3413
3511 3412
3510 3411
3509 3410
3508 3409
3507 3408
3506 3407
3505 3406
3504 3405
3503 3404
3502 3403
3501 3402
3500 3401
3499 3400
3498 3399
3497 3398
3496 3397
3495 3396
3494 3395
3493 3394
3492 3393
3491 3392
3490 3391
3489 3390
3488 3389
3487 3388
3486 3387
3485 3386
3484 3385
3483 3384
3482 3383
3481 3382
3480 3381
3479 3380
3478 3379
3477 3378
3476 3377
3475 3376
3474 3375
3473 3374
3472 3373
3471 3372
3470 3371
3469 3370
3468 3369
3467 3368
3466 3367
3465 3366
3464 3365
3463 3364
3462 3363
3461 3362
3460 3361
3459 3360
3458 3359
3457 3358
3456 3357
3455 3356
3454 3355
3453 3354
3452 3353
3451 3352
3450 3351
3449 3350
3448 3349
3447 3348
3446 3347
3445 3346
3444 3345
3443 3344
3442 3343
3441 3342
3440 3341
3439 3340
3438 3339
3437 3338
3436 3337
3435 3336
3434 3335
3433 3334
3432 3333
3431 3332
3430 3331
3429 3330
3428 3329
3427 3328
3426 3327
3425 3326
3424 3325
3423 3324
3422 3323
3421 3322
3420 3321
3419 3320
3418 3319
3417 3318
3416 3317
3415 3316
3414 3315
3413 3314
3412 3313
3411 3312
3410 3311
3409 3310
3408 3309
3407 3308
3406 3307
3405 3306
3404 3305
3403 3304
3402 3303
3401 3302
3400 3301
3399 3300
3398 3299
3397 3298
3396 3297
3395 3296
3394 3295
3393 3294
3392 3293
3391 3292
3390 3291
3389 3290
3388 3289
3387 3288
3386 3287
3385 3286
3384 3285
3383 3284
3382 3283
3381 3282
3380 3281
3379 3280
3378 3279
3377 3278
3376 3277
3375 3276
3374 3275
3373 3274
3372 3273
3371 3272
3370 3271
3369 3270
3368 3269
3367 3268
3366 3267
3365 3266
3364 3265
3363 3264
3362 3263
3361 3262
3360 3261
3359 3260
3358 3259
3357 3258
3356 3257
3355 3256
3354 3255
3353 3254
3352 3253
3351 3252
3350 3251
3349 3250
3348 3249
3347 3248
3346 3247
3345 3246
3344 3245
3343 3244
3342 3243
3341 3242
3340 3241
3339 3240
3338 3239
3337 3238
3336 3237
3335 3236
3334 3235
3333 3234
3332 3233
3331 3232
3330 3231
3329 3230
3328 3229
3327 3228
3326 3227
3325 3226
3324 3225
3323 3224
3322 3223
3321 3222
3320 3221
3319 3220
3318 3219
3317 3218
3316 3217
3315 3216
3314 3215
3313 3214
3312 3213
3311 3212
3310 3211
3309 3210
3308 3209
3307 3208
3306 3207
3305 3206
3304 3205
3303 3204
3302 3203
3301 3202
3300 3201
3299 3200
3298 3199
3297 3198
3296 3197
3295 3196
3294 3195
3293 3194
3292 3193
3291 3192
3290 3191
3289 3190
3288 3189
3287 3188
3286 3187
3285 3186
3284 3185
3283 3184
3282 3183
3281 3182
3280 3181
3279 3180
3278 3179
3277 3178
3276 3177
3275 3176
3274 3175
3273 3174
3272 3173
3271 3172
3270 3171
3269 3170
3268 3169
3267 3168
3266 3167
3265 3166
3264 3165
3263 3164
3262 3163
3261 3162
3260 3161
3259 3160
3258 3159
3257 3158
3256 3157
3255 3156
3254 3155
3253 3154
3252 3153
3251 3152
3250 3151
3249 3150
3248 3149
3247 3148
3246 3147
3245 3146
3244 3145
3243 3144
3242 3143
3241 3142
3240 3141
3239 3140
3238 3139
3237 3138
3236 3137
3235 3136
3234 3135
3233 3134
3232 3133
3231 3132
3230 3131
3229 3130
3228 3129
3227 3128
3226 3127
3225 3126
3224 3125
3223 3124
3222 3123
3221 3122
3220 3121
3219 3120
3218 3119
3217 3118
3216 3117
3215 3116
3214 3115
3213 3114
3212 3113
3211 3112
3210 3111
3209 3110
3208 3109
3207 3108
3206 3107
3205 3106
3204 3105
3203 3104
3202 3103
3201 3102
3200 3101
3199 3100
3198 3099
3197 3098
3196 3097
3195 3096
3194 3095
3193 3094
3192 3093
3191 3092
3190 3091
3189 3090
3188 3089
3187 3088
3186 3087
3185 3086
3184 3085
3183 3084
3182 3083
3181 3082
3180 3081
3179 3080
3178 3079
3177 3078
3176 3077
3175 3076
3174 3075
3173 3074
3172 3073
3171 3072
3170 3071
3169 3070
3168 3069
3167 3068
3166 3067
3165 3066
3164 3065
3163 3064
3162 3063
3161 3062
3160 3061
3159 3060
3158 3059
3157 3058
3156 3057
3155 3056
3154 3055
3153 3054
3152 3053
3151 3052
3150 3051
3149 3050
3148 3049
3147 3048
3146 3047
3145 3046
3144 3045
3143 3044
3142 3043
3141 3042
3140 3041
3139 3040
3138 3039
3137 3038
3136 3037
3135 3036
3134 3035
3133 3034
3132 3033
3131 3032
3130 3031
3129 3030
3128 3029
3127 3028
3126 3027
3125 3026
3124 3025
3123 3024
3122 3023
3121 3022
3120 3021
3119 3020
3118 3019
3117 3018
3116 3017
3115 3016
3114 3015
3113 3014
3112 3013
3111 3012
3110 3011
3109 3010
3108 3009
3107 3008
3106 3007
3105 3006
3104 3005
3103 3004
3102 3003
3101 3002
3100 3001
3099 3000
3098 2999
3097 2998
3096 2997
3095 2996
3094 2995
3093 2994
3092 2993
3091 2992
3090 2991
3089 2990
3088 2989
3087 2988
3086 2987
3085 2986
3084 2985
3083 2984
3082 2983
3081 2982
3080 2981
3079 2980
3078 2979
3077 2978
3076 2977
3075 2976
3074 2975
3073 2974
3072 2973
3071 2972
3070 2971
3069 2970
3068 2969
3067 2968
3066 2967
3065 2966
3064 2965
3063 2964
3062 2963
3061 2962
3060 2961
3059 2960
3058 2959
3057 2958
3056 2957
3055 2956
3054 2955
3053 2954
3052 2953
3051 2952
3050 2951
3049 2950
3048 2949
3047 2948
3046 2947
3045 2946
3044 2945
3043 2944
3042 2943
3041 2942
3040 2941
3039 2940
3038 2939
3037 2938
3036 2937
3035 2936
3034 2935
3033 2934
3032 2933
3031 2932
3030 2931
3029 2930
3028 2929
3027 2928
3026 2927
3025 2926
3024 2925
3023 2924
3022 2923
3021 2922
3020 2921
3019 2920
3018 2919
3017 2918
3016 2917
3015 2916
3014 2915
3013 2914
3012 2913
3011 2912
3010 2911
3009 2910
3008 2909
3007 2908
3006 2907
3005 2906
3004 2905
3003 2904
3002 2903
3001 2902
3000 2901
2999 2900
2998 2899
2997 2898
2996 2897
2995 2896
2994 2895
2993 2894
2992 2893
2991 2892
2990 2891
2989 2890
2988 2889
2987 2888
2986 2887
2985 2886
2984 2885
2983 2884
2982 2883
2981 2882
2980 2881
2979 2880
2978 2879
2977 2878
2976 2877
2975 2876
2974 2875
2973 2874
2972 2873
2971 2872
2970 2871
2969 2870
2968 2869
2967 2868
2966 2867
2965 2866
2964 2865
2963 2864
2962 2863
2961 2862
2960 2861
2959 2860
2958 2859
2957 2858
2956 2857
2955 2856
2954 2855
2953 2854
2952 2853
2951 2852
2950 2851
2949 2850
2948 2849
2947 2848
2946 2847
2945 2846
2944 2845
2943 2844
2942 2843
2941 2842
2940 2841
2939 2840
2938 2839
2937 2838
2936 2837
2935 2836
2934 2835
2933 2834
2932 2833
2931 2832
2930 2831
2929 2830
2928 2829
2927 2828
2926 2827
2925 2826
2924 2825
2923 2824
2922 2823
2921 2822
2920 2821
2919 2820
2918 2819
2917 2818
2916 2817
2915 2816
2914 2815
2913 2814
2912 2813
2911 2812
2910 2811
2909 2810
2908 2809
2907 2808
2906 2807
2905 2806
2904 2805
2903 2804
2902 2803
2901 2802
2900 2801
2899 2800
2898 2799
2897 2798
2896 2797
2895 2796
2894 2795
2893 2794
2892 2793
2891 2792
2890 2791
2889 2790
2888 2789
2887 2788
2886 2787
2885 2786
2884 2785
2883 2784
2882 2783
2881 2782
2880 2781
2879 2780
2878 2779
2877 2778
2876 2777
2875 2776
2874 2775
2873 2774
2872 2773
2871 2772
2870 2771
2869 2770
2868 2769
2867 2768
2866 2767
2865 2766
2864 2765
2863 2764
2862 2763
2861 2762
2860 2761
2859 2760
2858 2759
2857 2758
2856 2757
2855 2756
2854 2755
2853 2754
2852 2753
2851 2752
2850 2751
2849 2750
2848 2749
2847 2748
2846 2747
2845 2746
2844 2745
2843 2744
2842 2743
2841 2742
2840 2741
2839 2740
2838 2739
2837 2738
2836 2737
2835 2736
2834 2735
2833 2734
2832 2733
2831 2732
2830 2731
2829 2730
2828 2729
2827 2728
2826 2727
2825 2726
2824 2725
2823 2724
2822 2723
2821 2722
2820 2721
2819 2720
2818 2719
2817 2718
2816 2717
2815 2716
2814 2715
2813 2714
2812 2713
2811 2712
2810 2711
2809 2710
2808 2709
2807 2708
2806 2707
2805 2706
2804 2705
2803 2704
2802 2703
2801 2702
2800 2701
2799 2700
2798 2699
2797 2698
2796 2697
2795 2696
2794 2695
2793 2694
2792 2693
2791 2692
2790 2691
2789 2690
2788 2689
2787 2688
2786 2687
2785 2686
2784 2685
2783 2684
2782 2683
2781 2682
2780 2681
2779 2680
2778 2679
2777 2678
2776 2677
2775 2676
2774 2675
2773 2674
2772 2673
2771 2672
2770 2671
2769 2670
2768 2669
2767 2668
2766 2667
2765 2666
2764 2665
2763 2664
2762 2663
2761 2662
2760 2661
2759 2660
2758 2659
2757 2658
2756 2657
2755 2656
2754 2655
2753 2654
2752 2653
2751 2652
2750 2651
2749 2650
2748 2649
2747 2648
2746 2647
2745 2646
2744 2645
2743 2644
2742 2643
2741 2642
2740 2641
2739 2640
2738 2639
2737 2638
2736 2637
2735 2636
2734 2635
2733 2634
2732 2633
2731 2632
2730 2631
2729 2630
2728 2629
2727 2628
2726 2627
2725 2626
2724 2625
2723 2624
2722 2623
2721 2622
2720 2621
2719 2620
2718 2619
2717 2618
2716 2617
2715 2616
2714 2615
2713 2614
2712 2613
2711 2612
2710 2611
2709 2610
2708 2609
2707 2608
2706 2607
2705 2606
2704 2605
2703 2604
2702 2603
2701 2602
2700 2601
2699 2600
2698 2599
2697 2598
2696 2597
2695 2596
2694 2595
2693 2594
2692 2593
2691 2592
2690 2591
2689 2590
2688 2589
2687 2588
2686 2587
2685 2586
2684 2585
2683 2584
2682 2583
2681 2582
2680 2581
2679 2580
2678 2579
2677 2578
2676 2577
2675 2576
2674 2575
2673 2574
2672 2573
2671 2572
2670 2571
2669 2570
2668 2569
2667 2568
2666 2567
2665 2566
2664 2565
2663 2564
2662 2563
2661 2562
2660 2561
2659 2560
2658 2559
2657 2558
2656 2557
2655 2556
2654 2555
2653 2554
2652 2553
2651 2552
2650 2551
2649 2550
2648 2549
2647 2548
2646 2547
2645 2546
2644 2545
2643 2544
2642 2543
2641 2542
2640 2541
2639 2540
2638 2539
2637 2538
2636 2537
2635 2536
2634 2535
2633 2534
2632 2533
2631 2532
2630 2531
2629 2530
2628 2529
2627 2528
2626 2527
2625 2526
2624 2525
2623 2524
2622 2523
2621 2522
2620 2521
2619 2520
2618 2519
2617 2518
2616 2517
2615 2516
2614 2515
2613 2514
2612 2513
2611 2512
2610 2511
2609 2510
2608 2509
2607 2508
2606 2507
2605 2506
2604 2505
2603 2504
2602 2503
2601 2502
2600 2501
2599 2500
2598 2499
2597 2498
2596 2497
2595 2496
2594 2495
2593 2494
2592 2493
2591 2492
2590 2491
2589 2490
2588 2489
2587 2488
2586 2487
2585 2486
2584 2485
2583 2484
2582 2483
2581 2482
2580 2481
2579 2480
2578 2479
2577 2478
2576 2477
2575 2476
2574 2475
2573 2474
2572 2473
2571 2472
2570 2471
2569 2470
2568 2469
2567 2468
2566 2467
2565 2466
2564 2465
2563 2464
2562 2463
2561 2462
2560 2461
2559 2460
2558 2459
2557 2458
2556 2457
2555 2456
2554 2455
2553 2454
2552 2453
2551 2452
2550 2451
2549 2450
2548 2449
2547 2448
2546 2447
2545 2446
2544 2445
2543 2444
2542 2443
2541 2442
2540 2441
2539 2440
2538 2439
2537 2438
2536 2437
2535 2436
2534 2435
2533 2434
2532 2433
2531 2432
2530 2431
2529 2430
2528 2429
2527 2428
2526 2427
2525 2426
2524 2425
2523 2424
2522 2423
2521 2422
2520 2421
2519 2420
2518 2419
2517 2418
2516 2417
2515 2416
2514 2415
2513 2414
2512 2413
2511 2412
2510 2411
2509 2410
2508 2409
2507 2408
2506 2407
2505 2406
2504 2405
2503 2404
2502 2403
2501 2402
2500 2401
2499 2400
2498 2399
2497 2398
2496 2397
2495 2396
2494 2395
2493 2394
2492 2393
2491 2392
2490 2391
2489 2390
2488 2389
2487 2388
2486 2387
2485 2386
2484 2385
2483 2384
2482 2383
2481 2382
2480 2381
2479 2380
2478 2379
2477 2378
2476 2377
2475 2376
2474 2375
2473 2374
2472 2373
2471 2372
2470 2371
2469 2370
2468 2369
2467 2368
2466 2367
2465 2366
2464 2365
2463 2364
2462 2363
2461 2362
2460 2361
2459 2360
2458 2359
2457 2358
2456 2357
2455 2356
2454 2355
2453 2354
2452 2353
2451 2352
2450 2351
2449 2350
2448 2349
2447 2348
2446 2347
2445 2346
2444 2345
2443 2344
2442 2343
2441 2342
2440 2341
2439 2340
2438 2339
2437 2338
2436 2337
2435 2336
2434 2335
2433 2334
2432 2333
2431 2332
2430 2331
2429 2330
2428 2329
2427 2328
2426 2327
2425 2326
2424 2325
2423 2324
2422 2323
2421 2322
2420 2321
2419 2320
2418 2319
2417 2318
2416 2317
2415 2316
2414 2315
2413 2314
2412 2313
2411 2312
2410 2311
2409 2310
2408 2309
2407 2308
2406 2307
2405 2306
2404 2305
2403 2304
2402 2303
2401 2302
2400 2301
2399 2300
2398 2299
2397 2298
2396 2297
2395 2296
2394 2295
2393 2294
2392 2293
2391 2292
2390 2291
2389 2290
2388 2289
2387 2288
2386 2287
2385 2286
2384 2285
2383 2284
2382 2283
2381 2282
2380 2281
2379 2280
2378 2279
2377 2278
2376 2277
2375 2276
2374 2275
2373 2274
2372 2273
2371 2272
2370 2271
2369 2270
2368 2269
2367 2268
2366 2267
2365 2266
2364 2265
2363 2264
2362 2263
2361 2262
2360 2261
2359 2260
2358 2259
2357 2258
2356 2257
2355 2256
2354 2255
2353 2254
2352 2253
2351 2252
2350 2251
2349 2250
2348 2249
2347 2248
2346 2247
2345 2246
2344 2245
2343 2244
2342 2243
2341 2242
2340 2241
2339 2240
2338 2239
2337 2238
2336 2237
2335 2236
2334 2235
2333 2234
2332 2233
2331 2232
2330 2231
2329 2230
2328 2229
2327 2228
2326 2227
2325 2226
2324 2225
2323 2224
2322 2223
2321 2222
2320 2221
2319 2220
2318 2219
2317 2218
2316 2217
2315 2216
2314 2215
2313 2214
2312 2213
2311 2212
2310 2211
2309 2210
2308 2209
2307 2208
2306 2207
2305 2206
2304 2205
2303 2204
2302 2203
2301 2202
2300 2201
2299 2200
2298 2199
2297 2198
2296 2197
2295 2196
2294 2195
2293 2194
2292 2193
2291 2192
2290 2191
2289 2190
2288 2189
2287 2188
2286 2187
2285 2186
2284 2185
2283 2184
2282 2183
2281 2182
2280 2181
2279 2180
2278 2179
2277 2178
2276 2177
2275 2176
2274 2175
2273 2174
2272 2173
2271 2172
2270 2171
2269 2170
2268 2169
2267 2168
2266 2167
2265 2166
2264 2165
2263 2164
2262 2163
2261 2162
2260 2161
2259 2160
2258 2159
2257 2158
2256 2157
2255 2156
2254 2155
2253 2154
2252 2153
2251 2152
2250 2151
2249 2150
2248 2149
2247 2148
2246 2147
2245 2146
2244 2145
2243 2144
2242 2143
2241 2142
2240 2141
2239 2140
2238 2139
2237 2138
2236 2137
2235 2136
2234 2135
2233 2134
2232 2133
2231 2132
2230 2131
2229 2130
2228 2129
2227 2128
2226 2127
2225 2126
2224 2125
2223 2124
2222 2123
2221 2122
2220 2121
2219 2120
2218 2119
2217 2118
2216 2117
2215 2116
2214 2115
2213 2114
2212 2113
2211 2112
2210 2111
2209 2110
2208 2109
2207 2108
2206 2107
2205 2106
2204 2105
2203 2104
2202 2103
2201 2102
2200 2101
2199 2100
2198 2099
2197 2098
2196 2097
2195 2096
2194 2095
2193 2094
2192 2093
2191 2092
2190 2091
2189 2090
2188 2089
2187 2088
2186 2087
2185 2086
2184 2085
2183 2084
2182 2083
2181 2082
2180 2081
2179 2080
2178 2079
2177 2078
2176 2077
2175 2076
2174 2075
2173 2074
2172 2073
2171 2072
2170 2071
2169 2070
2168 2069
2167 2068
2166 2067
2165 2066
2164 2065
2163 2064
2162 2063
2161 2062
2160 2061
2159 2060
2158 2059
2157 2058
2156 2057
2155 2056
2154 2055
2153 2054
2152 2053
2151 2052
2150 2051
2149 2050
2148 2049
2147 2048
2146 2047
2145 2046
2144 2045
2143 2044
2142 2043
2141 2042
2140 2041
2139 2040
2138 2039
2137 2038
2136 2037
2135 2036
2134 2035
2133 2034
2132 2033
2131 2032
2130 2031
2129 2030
2128 2029
2127 2028
2126 2027
2125 2026
2124 2025
2123 2024
2122 2023
2121 2022
2120 2021
2119 2020
2118 2019
2117 2018
2116 2017
2115 2016
2114 2015
2113 2014
2112 2013
2111 2012
2110 2011
2109 2010
2108 2009
2107 2008
2106 2007
2105 2006
2104 2005
2103 2004
2102 2003
2101 2002
2100 2001
2099 2000
2098 1999
2097 1998
2096 1997
2095 1996
2094 1995
2093 1994
2092 1993
2091 1992
2090 1991
2089 1990
2088 1989
2087 1988
2086 1987
2085 1986
2084 1985
2083 1984
2082 1983
2081 1982
2080 1981
2079 1980
2078 1979
2077 1978
2076 1977
2075 1976
2074 1975
2073 1974
2072 1973
2071 1972
2070 1971
2069 1970
2068 1969
2067 1968
2066 1967
2065 1966
2064 1965
2063 1964
2062 1963
2061 1962
2060 1961
2059 1960
2058 1959
2057 1958
2056 1957
2055 1956
2054 1955
2053 1954
2052 1953
2051 1952
2050 1951
2049 1950
2048 1949
2047 1948
2046 1947
2045 1946
2044 1945
2043 1944
2042 1943
2041 1942
2040 1941
2039 1940
2038 1939
2037 1938
2036 1937
2035 1936
2034 1935
2033 1934
2032 1933
2031 1932
2030 1931
2029 1930
2028 1929
2027 1928
2026 1927
2025 1926
2024 1925
2023 1924
2022 1923
2021 1922
2020 1921
2019 1920
2018 1919
2017 1918
2016 1917
2015 1916
2014 1915
2013 1914
2012 1913
2011 1912
2010 1911
2009 1910
2008 1909
2007 1908
2006 1907
2005 1906
2004 1905
2003 1904
2002 1903
2001 1902
2000 1901
1999 1900
1998 1899
1997 1898
1996 1897
1995 1896
1994 1895
1993 1894
1992 1893
1991 1892
1990 1891
1989 1890
1988 1889
1987 1888
1986 1887
1985 1886
1984 1885
1983 1884
1982 1883
1981 1882
1980 1881
1979 1880
1978 1879
1977 1878
1976 1877
1975 1876
1974 1875
1973 1874
1972 1873
1971 1872
1970 1871
1969 1870
1968 1869
1967 1868
1966 1867
1965 1866
1964 1865
1963 1864
1962 1863
1961 1862
1960 1861
1959 1860
1958 1859
1957 1858
1956 1857
1955 1856
1954 1855
1953 1854
1952 1853
1951 1852
1950 1851
1949 1850
1948 1849
1947 1848
1946 1847
1945 1846
1944 1845
1943 1844
1942 1843
1941 1842
1940 1841
1939 1840
1938 1839
1937 1838
1936 1837
1935 1836
1934 1835
1933 1834
1932 1833
1931 1832
1930 1831
1929 1830
1928 1829
1927 1828
1926 1827
1925 1826
1924 1825
1923 1824
1922 1823
1921 1822
1920 1821
1919 1820
1918 1819
1917 1818
1916 1817
1915 1816
1914 1815
1913 1814
1912 1813
1911 1812
1910 1811
1909 1810
1908 1809
1907 1808
1906 1807
1905 1806
1904 1805
1903 1804
1902 1803
1901 1802
1900 1801
1899 1800
1898 1799
1897 1798
1896 1797
1895 1796
1894 1795
1893 1794
1892 1793
1891 1792
1890 1791
1889 1790
1888 1789
1887 1788
1886 1787
1885 1786
1884 1785
1883 1784
1882 1783
1881 1782
1880 1781
1879 1780
1878 1779
1877 1778
1876 1777
1875 1776
1874 1775
1873 1774
1872 1773
1871 1772
1870 1771
1869 1770
1868 1769
1867 1768
1866 1767
1865 1766
1864 1765
1863 1764
1862 1763
1861 1762
1860 1761
1859 1760
1858 1759
1857 1758
1856 1757
1855 1756
1854 1755
1853 1754
1852 1753
1851 1752
1850 1751
1849 1750
1848 1749
1847 1748
1846 1747
1845 1746
1844 1745
1843 1744
1842 1743
1841 1742
1840 1741
1839 1740
1838 1739
1837 1738
1836 1737
1835 1736
1834 1735
1833 1734
1832 1733
1831 1732
1830 1731
1829 1730
1828 1729
1827 1728
1826 1727
1825 1726
1824 1725
1823 1724
1822 1723
1821 1722
1820 1721
1819 1720
1818 1719
1817 1718
1816 1717
1815 1716
1814 1715
1813 1714
1812 1713
1811 1712
1810 1711
1809 1710
1808 1709
1807 1708
1806 1707
1805 1706
1804 1705
1803 1704
1802 1703
1801 1702
1800 1701
1799 1700
1798 1699
1797 1698
1796 1697
1795 1696
1794 1695
1793 1694
1792 1693
1791 1692
1790 1691
1789 1690
1788 1689
1787 1688
1786 1687
1785 1686
1784 1685
1783 1684
1782 1683
1781 1682
1780 1681
1779 1680
1778 1679
1777 1678
1776 1677
1775 1676
1774 1675
1773 1674
1772 1673
1771 1672
1770 1671
1769 1670
1768 1669
1767 1668
1766 1667
1765 1666
1764 1665
1763 1664
1762 1663
1761 1662
1760 1661
1759 1660
1758 1659
1757 1658
1756 1657
1755 1656
1754 1655
1753 1654
1752 1653
1751 1652
1750 1651
1749 1650
1748 1649
1747 1648
1746 1647
1745 1646
1744 1645
1743 1644
1742 1643
1741 1642
1740 1641
1739 1640
1738 1639
1737 1638
1736 1637
1735 1636
1734 1635
1733 1634
1732 1633
1731 1632
1730 1631
1729 1630
1728 1629
1727 1628
1726 1627
1725 1626
1724 1625
1723 1624
1722 1623
1721 1622
1720 1621
1719 1620
1718 1619
1717 1618
1716 1617
1715 1616
1714 1615
1713 1614
1712 1613
1711 1612
1710 1611
1709 1610
1708 1609
1707 1608
1706 1607
1705 1606
1704 1605
1703 1604
1702 1603
1701 1602
1700 1601
1699 1600
1698 1599
1697 1598
1696 1597
1695 1596
1694 1595
1693 1594
1692 1593
1691 1592
1690 1591
1689 1590
1688 1589
1687 1588
1686 1587
1685 1586
1684 1585
1683 1584
1682 1583
1681 1582
1680 1581
1679 1580
1678 1579
1677 1578
1676 1577
1675 1576
1674 1575
1673 1574
1672 1573
1671 1572
1670 1571
1669 1570
1668 1569
1667 1568
1666 1567
1665 1566
1664 1565
1663 1564
1662 1563
1661 1562
1660 1561
1659 1560
1658 1559
1657 1558
1656 1557
1655 1556
1654 1555
1653 1554
1652 1553
1651 1552
1650 1551
1649 1550
1648 1549
1647 1548
1646 1547
1645 1546
1644 1545
1643 1544
1642 1543
1641 1542
1640 1541
1639 1540
1638 1539
1637 1538
1636 1537
1635 1536
1634 1535
1633 1534
1632 1533
1631 1532
1630 1531
1629 1530
1628 1529
1627 1528
1626 1527
1625 1526
1624 1525
1623 1524
1622 1523
1621 1522
1620 1521
1619 1520
1618 1519
1617 1518
1616 1517
1615 1516
1614 1515
1613 1514
1612 1513
1611 1512
1610 1511
1609 1510
1608 1509
1607 1508
1606 1507
1605 1506
1604 1505
1603 1504
1602 1503
1601 1502
1600 1501
1599 1500
1598 1499
1597 1498
1596 1497
1595 1496
1594 1495
1593 1494
1592 1493
1591 1492
1590 1491
1589 1490
1588 1489
1587 1488
1586 1487
1585 1486
1584 1485
1583 1484
1582 1483
1581 1482
1580 1481
1579 1480
1578 1479
1577 1478
1576 1477
1575 1476
1574 1475
1573 1474
1572 1473
1571 1472
1570 1471
1569 1470
1568 1469
1567 1468
1566 1467
1565 1466
1564 1465
1563 1464
1562 1463
1561 1462
1560 1461
1559 1460
1558 1459
1557 1458
1556 1457
1555 1456
1554 1455
1553 1454
1552 1453
1551 1452
1550 1451
1549 1450
1548 1449
1547 1448
1546 1447
1545 1446
1544 1445
1543 1444
1542 1443
1541 1442
1540 1441
1539 1440
1538 1439
1537 1438
1536 1437
1535 1436
1534 1435
1533 1434
1532 1433
1531 1432
1530 1431
1529 1430
1528 1429
1527 1428
1526 1427
1525 1426
1524 1425
1523 1424
1522 1423
1521 1422
1520 1421
1519 1420
1518 1419
1517 1418
1516 1417
1515 1416
1514 1415
1513 1414
1512 1413
1511 1412
1510 1411
1509 1410
1508 1409
1507 1408
1506 1407
1505 1406
1504 1405
1503 1404
1502 1403
1501 1402
1500 1401
1499 1400
1498 1399
1497 1398
1496 1397
1495 1396
1494 1395
1493 1394
1492 1393
1491 1392
1490 1391
1489 1390
1488 1389
1487 1388
1486 1387
1485 1386
1484 1385
1483 1384
1482 1383
1481 1382
1480 1381
1479 1380
1478 1379
1477 1378
1476 1377
1475 1376
1474 1375
1473 1374
1472 1373
1471 1372
1470 1371
1469 1370
1468 1369
1467 1368
1466 1367
1465 1366
1464 1365
1463 1364
1462 1363
1461 1362
1460 1361
1459 1360
1458 1359
1457 1358
1456 1357
1455 1356
1454 1355
1453 1354
1452 1353
1451 1352
1450 1351
1449 1350
1448 1349
1447 1348
1446 1347
1445 1346
1444 1345
1443 1344
1442 1343
1441 1342
1440 1341
1439 1340
1438 1339
1437 1338
1436 1337
1435 1336
1434 1335
1433 1334
1432 1333
1431 1332
1430 1331
1429 1330
1428 1329
1427 1328
1426 1327
1425 1326
1424 1325
1423 1324
1422 1323
1421 1322
1420 1321
1419 1320
1418 1319
1417 1318
1416 1317
1415 1316
1414 1315
1413 1314
1412 1313
1411 1312
1410 1311
1409 1310
1408 1309
1407 1308
1406 1307
1405 1306
1404 1305
1403 1304
1402 1303
1401 1302
1400 1301
1399 1300
1398 1299
1397 1298
1396 1297
1395 1296
1394 1295
1393 1294
1392 1293
1391 1292
1390 1291
1389 1290
1388 1289
1387 1288
1386 1287
1385 1286
1384 1285
1383 1284
1382 1283
1381 1282
1380 1281
1379 1280
1378 1279
1377 1278
1376 1277
1375 1276
1374 1275
1373 1274
1372 1273
1371 1272
1370 1271
1369 1270
1368 1269
1367 1268
1366 1267
1365 1266
1364 1265
1363 1264
1362 1263
1361 1262
1360 1261
1359 1260
1358 1259
1357 1258
1356 1257
1355 1256
1354 1255
1353 1254
1352 1253
1351 1252
1350 1251
1349 1250
1348 1249
1347 1248
1346 1247
1345 1246
1344 1245
1343 1244
1342 1243
1341 1242
1340 1241
1339 1240
1338 1239
1337 1238
1336 1237
1335 1236
1334 1235
1333 1234
1332 1233
1331 1232
1330 1231
1329 1230
1328 1229
1327 1228
1326 1227
1325 1226
1324 1225
1323 1224
1322 1223
1321 1222
1320 1221
1319 1220
1318 1219
1317 1218
1316 1217
1315 1216
1314 1215
1313 1214
1312 1213
1311 1212
1310 1211
1309 1210
1308 1209
1307 1208
1306 1207
1305 1206
1304 1205
1303 1204
1302 1203
1301 1202
1300 1201
1299 1200
1298 1199
1297 1198
1296 1197
1295 1196
1294 1195
1293 1194
1292 1193
1291 1192
1290 1191
1289 1190
1288 1189
1287 1188
1286 1187
1285 1186
1284 1185
1283 1184
1282 1183
1281 1182
1280 1181
1279 1180
1278 1179
1277 1178
1276 1177
1275 1176
1274 1175
1273 1174
1272 1173
1271 1172
1270 1171
1269 1170
1268 1169
1267 1168
1266 1167
1265 1166
1264 1165
1263 1164
1262 1163
1261 1162
1260 1161
1259 1160
1258 1159
1257 1158
1256 1157
1255 1156
1254 1155
1253 1154
1252 1153
1251 1152
1250 1151
1249 1150
1248 1149
1247 1148
1246 1147
1245 1146
1244 1145
1243 1144
1242 1143
1241 1142
1240 1141
1239 1140
1238 1139
1237 1138
1236 1137
1235 1136
1234 1135
1233 1134
1232 1133
1231 1132
1230 1131
1229 1130
1228 1129
1227 1128
1226 1127
1225 1126
1224 1125
1223 1124
1222 1123
1221 1122
1220 1121
1219 1120
1218 1119
1217 1118
1216 1117
1215 1116
1214 1115
1213 1114
1212 1113
1211 1112
1210 1111
1209 1110
1208 1109
1207 1108
1206 1107
1205 1106
1204 1105
1203 1104
1202 1103
1201 1102
1200 1101
1199 1100
1198 1099
1197 1098
1196 1097
1195 1096
1194 1095
1193 1094
1192 1093
1191 1092
1190 1091
1189 1090
1188 1089
1187 1088
1186 1087
1185 1086
1184 1085
1183 1084
1182 1083
1181 1082
1180 1081
1179 1080
1178 1079
1177 1078
1176 1077
1175 1076
1174 1075
1173 1074
1172 1073
1171 1072
1170 1071
1169 1070
1168 1069
1167 1068
1166 1067
1165 1066
1164 1065
1163 1064
1162 1063
1161 1062
1160 1061
1159 1060
1158 1059
1157 1058
1156 1057
1155 1056
1154 1055
1153 1054
1152 1053
1151 1052
1150 1051
1149 1050
1148 1049
1147 1048
1146 1047
1145 1046
1144 1045
1143 1044
1142 1043
1141 1042
1140 1041
1139 1040
1138 1039
1137 1038
1136 1037
1135 1036
1134 1035
1133 1034
1132 1033
1131 1032
1130 1031
1129 1030
1128 1029
1127 1028
1126 1027
1125 1026
1124 1025
1123 1024
1122 1023
1121 1022
1120 1021
1119 1020
1118 1019
1117 1018
1116 1017
1115 1016
1114 1015
1113 1014
1112 1013
1111 1012
1110 1011
1109 1010
1108 1009
1107 1008
1106 1007
1105 1006
1104 1005
1103 1004
1102 1003
1101 1002
1100 1001
1099 1000
1098 999
1097 998
1096 997
1095 996
1094 995
1093 994
1092 993
1091 992
1090 991
1089 990
1088 989
1087 988
1086 987
1085 986
1084 985
1083 984
1082 983
1081 982
1080 981
1079 980
1078 979
1077 978
1076 977
1075 976
1074 975
1073 974
1072 973
1071 972
1070 971
1069 970
1068 969
1067 968
1066 967
1065 966
1064 965
1063 964
1062 963
1061 962
1060 961
1059 960
1058 959
1057 958
1056 957
1055 956
1054 955
1053 954
1052 953
1051 952
1050 951
1049 950
1048 949
1047 948
1046 947
1045 946
1044 945
1043 944
1042 943
1041 942
1040 941
1039 940
1038 939
1037 938
1036 937
1035 936
1034 935
1033 934
1032 933
1031 932
1030 931
1029 930
1028 929
1027 928
1026 927
1025 926
1024 925
1023 924
1022 923
1021 922
1020 921
1019 920
1018 919
1017 918
1016 917
1015 916
1014 915
1013 914
1012 913
1011 912
1010 911
1009 910
1008 909
1007 908
1006 907
1005 906
1004 905
1003 904
1002 903
1001 902
1000 901
999 900
998 899
997 898
996 897
995 896
994 895
993 894
992 893
991 892
990 891
989 890
988 889
987 888
986 887
985 886
984 885
983 884
982 883
981 882
980 881
979 880
978 879
977 878
976 877
975 876
974 875
973 874
972 873
971 872
970 871
969 870
968 869
967 868
966 867
965 866
964 865
963 864
962 863
961 862
960 861
959 860
958 859
957 858
956 857
955 856
954 855
953 854
952 853
951 852
950 851
949 850
948 849
947 848
946 847
945 846
944 845
943 844
942 843
941 842
940 841
939 840
938 839
937 838
936 837
935 836
934 835
933 834
932 833
931 832
930 831
929 830
928 829
927 828
926 827
925 826
924 825
923 824
922 823
921 822
920 821
919 820
918 819
917 818
916 817
915 816
914 815
913 814
912 813
911 812
910 811
909 810
908 809
907 808
906 807
905 806
904 805
903 804
902 803
901 802
900 801
899 800
898 799
897 798
896 797
895 796
894 795
893 794
892 793
891 792
890 791
889 790
888 789
887 788
886 787
885 786
884 785
883 784
882 783
881 782
880 781
879 780
878 779
877 778
876 777
875 776
874 775
873 774
872 773
871 772
870 771
869 770
868 769
867 768
866 767
865 766
864 765
863 764
862 763
861 762
860 761
859 760
858 759
857 758
856 757
855 756
854 755
853 754
852 753
851 752
850 751
849 750
848 749
847 748
846 747
845 746
844 745
843 744
842 743
841 742
840 741
839 740
838 739
837 738
836 737
835 736
834 735
833 734
832 733
831 732
830 731
829 730
828 729
827 728
826 727
825 726
824 725
823 724
822 723
821 722
820 721
819 720
818 719
817 718
816 717
815 716
814 715
813 714
812 713
811 712
810 711
809 710
808 709
807 708
806 707
805 706
804 705
803 704
802 703
801 702
800 701
799 700
798 699
797 698
796 697
795 696
794 695
793 694
792 693
791 692
790 691
789 690
788 689
787 688
786 687
785 686
784 685
783 684
782 683
781 682
780 681
779 680
778 679
777 678
776 677
775 676
774 675
773 674
772 673
771 672
770 671
769 670
768 669
767 668
766 667
765 666
764 665
763 664
762 663
761 662
760 661
759 660
758 659
757 658
756 657
755 656
754 655
753 654
752 653
751 652
750 651
749 650
748 649
747 648
746 647
745 646
744 645
743 644
742 643
741 642
740 641
739 640
738 639
737 638
736 637
735 636
734 635
733 634
732 633
731 632
730 631
729 630
728 629
727 628
726 627
725 626
724 625
723 624
722 623
721 622
720 621
719 620
718 619
717 618
716 617
715 616
714 615
713 614
712 613
711 612
710 611
709 610
708 609
707 608
706 607
705 606
704 605
703 604
702 603
701 602
700 601
699 600
698 599
697 598
696 597
695 596
694 595
693 594
692 593
691 592
690 591
689 590
688 589
687 588
686 587
685 586
684 585
683 584
682 583
681 582
680 581
679 580
678 579
677 578
676 577
675 576
674 575
673 574
672 573
671 572
670 571
669 570
668 569
667 568
666 567
665 566
664 565
663 564
662 563
661 562
660 561
659 560
658 559
657 558
656 557
655 556
654 555
653 554
652 553
651 552
650 551
649 550
648 549
647 548
646 547
645 546
644 545
643 544
642 543
641 542
640 541
639 540
638 539
637 538
636 537
635 536
634 535
633 534
632 533
631 532
630 531
629 530
628 529
627 528
626 527
625 526
624 525
623 524
622 523
621 522
620 521
619 520
618 519
617 518
616 517
615 516
614 515
613 514
612 513
611 512
610 511
609 510
608 509
607 508
606 507
605 506
604 505
603 504
602 503
601 502
600 501
599 500
598 499
597 498
596 497
595 496
594 495
593 494
592 493
591 492
590 491
589 490
588 489
587 488
586 487
585 486
584 485
583 484
582 483
581 482
580 481
579 480
578 479
577 478
576 477
575 476
574 475
573 474
572 473
571 472
570 471
569 470
568 469
567 468
566 467
565 466
564 465
563 464
562 463
561 462
560 461
559 460
558 459
557 458
556 457
555 456
554 455
553 454
552 453
551 452
550 451
549 450
548 449
547 448
546 447
545 446
544 445
543 444
542 443
541 442
540 441
539 440
538 439
537 438
536 437
535 436
534 435
533 434
532 433
531 432
530 431
529 430
528 429
527 428
526 427
525 426
524 425
523 424
522 423
521 422
520 421
519 420
518 419
517 418
516 417
515 416
514 415
513 414
512 413
511 412
510 411
509 410
508 409
507 408
506 407
505 406
504 405
503 404
502 403
501 402
500 401
499 400
498 399
497 398
496 397
495 396
494 395
493 394
492 393
491 392
490 391
489 390
488 389
487 388
486 387
485 386
484 385
483 384
482 383
481 382
480 381
479 380
478 379
477 378
476 377
475 376
474 375
473 374
472 373
471 372
470 371
469 370
468 369
467 368
466 367
465 366
464 365
463 364
462 363
461 362
460 361
459 360
458 359
457 358
456 357
455 356
454 355
453 354
452 353
451 352
450 351
449 350
448 349
447 348
446 347
445 346
444 345
443 344
442 343
441 342
440 341
439 340
438 339
437 338
436 337
435 336
434 335
433 334
432 333
431 332
430 331
429 330
428 329
427 328
426 327
425 326
424 325
423 324
422 323
421 322
420 321
419 320
418 319
417 318
416 317
415 316
414 315
413 314
412 313
411 312
410 311
409 310
408 309
407 308
406 307
405 306
404 305
403 304
402 303
401 302
400 301
399 300
398 299
397 298
396 297
395 296
394 295
393 294
392 293
391 292
390 291
389 290
388 289
387 288
386 287
385 286
384 285
383 284
382 283
381 282
380 281
379 280
378 279
377 278
376 277
375 276
374 275
373 274
372 273
371 272
370 271
369 270
368 269
367 268
366 267
365 266
364 265
363 264
362 263
361 262
360 261
359 260
358 259
357 258
356 257
355 256
354 255
353 254
352 253
351 252
350 251
349 250
348 249
347 248
346 247
345 246
344 245
343 244
342 243
341 242
340 241
339 240
338 239
337 238
336 237
335 236
334 235
333 234
332 233
331 232
330 231
329 230
328 229
327 228
326 227
325 226
324 225
323 224
322 223
321 222
320 221
319 220
318 219
317 218
316 217
315 216
314 215
313 214
312 213
311 212
310 211
309 210
308 209
307 208
306 207
305 206
304 205
303 204
302 203
301 202
300 201
299 200
298 199
297 198
296 197
295 196
294 195
293 194
292 193
291 192
290 191
289 190
288 189
287 188
286 187
285 186
284 185
283 184
282 183
281 182
280 181
279 180
278 179
277 178
276 177
275 176
274 175
273 174
272 173
271 172
270 171
269 170
268 169
267 168
266 167
265 166
264 165
263 164
262 163
261 162
260 161
259 160
258 159
257 158
256 157
255 156
254 155
253 154
252 153
251 152
250 151
249 150
248 149
247 148
246 147
245 146
244 145
243 144
242 143
241 142
240 141
239 140
238 139
237 138
236 137
235 136
234 135
233 134
232 133
231 132
230 131
229 130
228 129
227 128
226 127
225 126
224 125
223 124
222 123
221 122
220 121
219 120
218 119
217 118
216 117
215 116
214 115
213 114
212 113
211 112
210 111
209 110
208 109
207 108
206 107
205 106
204 105
203 104
202 103
201 102
200 101
199 100
198 99
197 98
196 97
195 96
194 95
193 94
192 93
191 92
190 91
189 90
188 89
187 88
186 87
185 86
184 85
183 84
182 83
181 82
180 81
179 80
178 79
177 78
176 77
175 76
174 75
173 74
172 73
171 72
170 71
169 70
168 69
167 68
166 67
165 66
164 65
163 64
162 63
161 62
160 61
159 60
158 59
157 58
156 57
155 56
154 55
153 54
152 53
151 52
150 51
149 50
148 49
147 48
146 47
145 46
144 45
143 44
142 43
141 42
140 41
139 40
138 39
137 38
136 37
135 36
134 35
133 34
132 33
131 32
130 31
129 30
128 29
127 28
126 27
125 26
124 25
123 24
122 23
121 22
120 21
119 20
118 19
117 18
116 17
115 16
114 15
113 14
112 13
111 12
110 11
109 10
108 9
107 8
106 7
105 6
104 5
103 4
102 3
101 2
100 1
99 1
98 1
97 2
96 3
95 4
94 5
93 6
92 7
91 8
90 9
89 10
88 11
87 12
86 13
85 14
84 15
83 16
82 17
81 18
80 19
79 20
78 21
77 22
76 23
75 24
74 25
73 26
72 27
71 28
70 29
69 30
68 31
67 32
66 33
65 34
64 35
63 36
62 37
61 38
60 39
59 40
58 41
57 42
56 43
55 44
54 45
53 46
52 47
51 48
50 49
49 50
48 51
47 52
46 53
45 54
44 55
43 56
42 57
41 58
40 59
39 60
38 61
37 62
36 63
35 64
34 65
33 66
32 67
31 68
30 69
29 70
28 71
27 72
26 73
25 74
24 75
23 76
22 77
21 78
20 79
19 80
18 81
17 82
16 83
15 84
14 85
13 86
12 87
11 88
10 89
9 90
8 91
7 92
6 93
5 94
4 95
3 96
2 97
1 98
