100
2500
2500 2401
2499 2400
2498 2399
2497 2398
2496 2397
2495 2396
2494 2395
2493 2394
2492 2393
2491 2392
2490 2391
2489 2390
2488 2389
2487 2388
2486 2387
2485 2386
2484 2385
2483 2384
2482 2383
2481 2382
2480 2381
2479 2380
2478 2379
2477 2378
2476 2377
2475 2376
2474 2375
2473 2374
2472 2373
2471 2372
2470 2371
2469 2370
2468 2369
2467 2368
2466 2367
2465 2366
2464 2365
2463 2364
2462 2363
2461 2362
2460 2361
2459 2360
2458 2359
2457 2358
2456 2357
2455 2356
2454 2355
2453 2354
2452 2353
2451 2352
2450 2351
2449 2350
2448 2349
2447 2348
2446 2347
2445 2346
2444 2345
2443 2344
2442 2343
2441 2342
2440 2341
2439 2340
2438 2339
2437 2338
2436 2337
2435 2336
2434 2335
2433 2334
2432 2333
2431 2332
2430 2331
2429 2330
2428 2329
2427 2328
2426 2327
2425 2326
2424 2325
2423 2324
2422 2323
2421 2322
2420 2321
2419 2320
2418 2319
2417 2318
2416 2317
2415 2316
2414 2315
2413 2314
2412 2313
2411 2312
2410 2311
2409 2310
2408 2309
2407 2308
2406 2307
2405 2306
2404 2305
2403 2304
2402 2303
2401 2302
2400 2301
2399 2300
2398 2299
2397 2298
2396 2297
2395 2296
2394 2295
2393 2294
2392 2293
2391 2292
2390 2291
2389 2290
2388 2289
2387 2288
2386 2287
2385 2286
2384 2285
2383 2284
2382 2283
2381 2282
2380 2281
2379 2280
2378 2279
2377 2278
2376 2277
2375 2276
2374 2275
2373 2274
2372 2273
2371 2272
2370 2271
2369 2270
2368 2269
2367 2268
2366 2267
2365 2266
2364 2265
2363 2264
2362 2263
2361 2262
2360 2261
2359 2260
2358 2259
2357 2258
2356 2257
2355 2256
2354 2255
2353 2254
2352 2253
2351 2252
2350 2251
2349 2250
2348 2249
2347 2248
2346 2247
2345 2246
2344 2245
2343 2244
2342 2243
2341 2242
2340 2241
2339 2240
2338 2239
2337 2238
2336 2237
2335 2236
2334 2235
2333 2234
2332 2233
2331 2232
2330 2231
2329 2230
2328 2229
2327 2228
2326 2227
2325 2226
2324 2225
2323 2224
2322 2223
2321 2222
2320 2221
2319 2220
2318 2219
2317 2218
2316 2217
2315 2216
2314 2215
2313 2214
2312 2213
2311 2212
2310 2211
2309 2210
2308 2209
2307 2208
2306 2207
2305 2206
2304 2205
2303 2204
2302 2203
2301 2202
2300 2201
2299 2200
2298 2199
2297 2198
2296 2197
2295 2196
2294 2195
2293 2194
2292 2193
2291 2192
2290 2191
2289 2190
2288 2189
2287 2188
2286 2187
2285 2186
2284 2185
2283 2184
2282 2183
2281 2182
2280 2181
2279 2180
2278 2179
2277 2178
2276 2177
2275 2176
2274 2175
2273 2174
2272 2173
2271 2172
2270 2171
2269 2170
2268 2169
2267 2168
2266 2167
2265 2166
2264 2165
2263 2164
2262 2163
2261 2162
2260 2161
2259 2160
2258 2159
2257 2158
2256 2157
2255 2156
2254 2155
2253 2154
2252 2153
2251 2152
2250 2151
2249 2150
2248 2149
2247 2148
2246 2147
2245 2146
2244 2145
2243 2144
2242 2143
2241 2142
2240 2141
2239 2140
2238 2139
2237 2138
2236 2137
2235 2136
2234 2135
2233 2134
2232 2133
2231 2132
2230 2131
2229 2130
2228 2129
2227 2128
2226 2127
2225 2126
2224 2125
2223 2124
2222 2123
2221 2122
2220 2121
2219 2120
2218 2119
2217 2118
2216 2117
2215 2116
2214 2115
2213 2114
2212 2113
2211 2112
2210 2111
2209 2110
2208 2109
2207 2108
2206 2107
2205 2106
2204 2105
2203 2104
2202 2103
2201 2102
2200 2101
2199 2100
2198 2099
2197 2098
2196 2097
2195 2096
2194 2095
2193 2094
2192 2093
2191 2092
2190 2091
2189 2090
2188 2089
2187 2088
2186 2087
2185 2086
2184 2085
2183 2084
2182 2083
2181 2082
2180 2081
2179 2080
2178 2079
2177 2078
2176 2077
2175 2076
2174 2075
2173 2074
2172 2073
2171 2072
2170 2071
2169 2070
2168 2069
2167 2068
2166 2067
2165 2066
2164 2065
2163 2064
2162 2063
2161 2062
2160 2061
2159 2060
2158 2059
2157 2058
2156 2057
2155 2056
2154 2055
2153 2054
2152 2053
2151 2052
2150 2051
2149 2050
2148 2049
2147 2048
2146 2047
2145 2046
2144 2045
2143 2044
2142 2043
2141 2042
2140 2041
2139 2040
2138 2039
2137 2038
2136 2037
2135 2036
2134 2035
2133 2034
2132 2033
2131 2032
2130 2031
2129 2030
2128 2029
2127 2028
2126 2027
2125 2026
2124 2025
2123 2024
2122 2023
2121 2022
2120 2021
2119 2020
2118 2019
2117 2018
2116 2017
2115 2016
2114 2015
2113 2014
2112 2013
2111 2012
2110 2011
2109 2010
2108 2009
2107 2008
2106 2007
2105 2006
2104 2005
2103 2004
2102 2003
2101 2002
2100 2001
2099 2000
2098 1999
2097 1998
2096 1997
2095 1996
2094 1995
2093 1994
2092 1993
2091 1992
2090 1991
2089 1990
2088 1989
2087 1988
2086 1987
2085 1986
2084 1985
2083 1984
2082 1983
2081 1982
2080 1981
2079 1980
2078 1979
2077 1978
2076 1977
2075 1976
2074 1975
2073 1974
2072 1973
2071 1972
2070 1971
2069 1970
2068 1969
2067 1968
2066 1967
2065 1966
2064 1965
2063 1964
2062 1963
2061 1962
2060 1961
2059 1960
2058 1959
2057 1958
2056 1957
2055 1956
2054 1955
2053 1954
2052 1953
2051 1952
2050 1951
2049 1950
2048 1949
2047 1948
2046 1947
2045 1946
2044 1945
2043 1944
2042 1943
2041 1942
2040 1941
2039 1940
2038 1939
2037 1938
2036 1937
2035 1936
2034 1935
2033 1934
2032 1933
2031 1932
2030 1931
2029 1930
2028 1929
2027 1928
2026 1927
2025 1926
2024 1925
2023 1924
2022 1923
2021 1922
2020 1921
2019 1920
2018 1919
2017 1918
2016 1917
2015 1916
2014 1915
2013 1914
2012 1913
2011 1912
2010 1911
2009 1910
2008 1909
2007 1908
2006 1907
2005 1906
2004 1905
2003 1904
2002 1903
2001 1902
2000 1901
1999 1900
1998 1899
1997 1898
1996 1897
1995 1896
1994 1895
1993 1894
1992 1893
1991 1892
1990 1891
1989 1890
1988 1889
1987 1888
1986 1887
1985 1886
1984 1885
1983 1884
1982 1883
1981 1882
1980 1881
1979 1880
1978 1879
1977 1878
1976 1877
1975 1876
1974 1875
1973 1874
1972 1873
1971 1872
1970 1871
1969 1870
1968 1869
1967 1868
1966 1867
1965 1866
1964 1865
1963 1864
1962 1863
1961 1862
1960 1861
1959 1860
1958 1859
1957 1858
1956 1857
1955 1856
1954 1855
1953 1854
1952 1853
1951 1852
1950 1851
1949 1850
1948 1849
1947 1848
1946 1847
1945 1846
1944 1845
1943 1844
1942 1843
1941 1842
1940 1841
1939 1840
1938 1839
1937 1838
1936 1837
1935 1836
1934 1835
1933 1834
1932 1833
1931 1832
1930 1831
1929 1830
1928 1829
1927 1828
1926 1827
1925 1826
1924 1825
1923 1824
1922 1823
1921 1822
1920 1821
1919 1820
1918 1819
1917 1818
1916 1817
1915 1816
1914 1815
1913 1814
1912 1813
1911 1812
1910 1811
1909 1810
1908 1809
1907 1808
1906 1807
1905 1806
1904 1805
1903 1804
1902 1803
1901 1802
1900 1801
1899 1800
1898 1799
1897 1798
1896 1797
1895 1796
1894 1795
1893 1794
1892 1793
1891 1792
1890 1791
1889 1790
1888 1789
1887 1788
1886 1787
1885 1786
1884 1785
1883 1784
1882 1783
1881 1782
1880 1781
1879 1780
1878 1779
1877 1778
1876 1777
1875 1776
1874 1775
1873 1774
1872 1773
1871 1772
1870 1771
1869 1770
1868 1769
1867 1768
1866 1767
1865 1766
1864 1765
1863 1764
1862 1763
1861 1762
1860 1761
1859 1760
1858 1759
1857 1758
1856 1757
1855 1756
1854 1755
1853 1754
1852 1753
1851 1752
1850 1751
1849 1750
1848 1749
1847 1748
1846 1747
1845 1746
1844 1745
1843 1744
1842 1743
1841 1742
1840 1741
1839 1740
1838 1739
1837 1738
1836 1737
1835 1736
1834 1735
1833 1734
1832 1733
1831 1732
1830 1731
1829 1730
1828 1729
1827 1728
1826 1727
1825 1726
1824 1725
1823 1724
1822 1723
1821 1722
1820 1721
1819 1720
1818 1719
1817 1718
1816 1717
1815 1716
1814 1715
1813 1714
1812 1713
1811 1712
1810 1711
1809 1710
1808 1709
1807 1708
1806 1707
1805 1706
1804 1705
1803 1704
1802 1703
1801 1702
1800 1701
1799 1700
1798 1699
1797 1698
1796 1697
1795 1696
1794 1695
1793 1694
1792 1693
1791 1692
1790 1691
1789 1690
1788 1689
1787 1688
1786 1687
1785 1686
1784 1685
1783 1684
1782 1683
1781 1682
1780 1681
1779 1680
1778 1679
1777 1678
1776 1677
1775 1676
1774 1675
1773 1674
1772 1673
1771 1672
1770 1671
1769 1670
1768 1669
1767 1668
1766 1667
1765 1666
1764 1665
1763 1664
1762 1663
1761 1662
1760 1661
1759 1660
1758 1659
1757 1658
1756 1657
1755 1656
1754 1655
1753 1654
1752 1653
1751 1652
1750 1651
1749 1650
1748 1649
1747 1648
1746 1647
1745 1646
1744 1645
1743 1644
1742 1643
1741 1642
1740 1641
1739 1640
1738 1639
1737 1638
1736 1637
1735 1636
1734 1635
1733 1634
1732 1633
1731 1632
1730 1631
1729 1630
1728 1629
1727 1628
1726 1627
1725 1626
1724 1625
1723 1624
1722 1623
1721 1622
1720 1621
1719 1620
1718 1619
1717 1618
1716 1617
1715 1616
1714 1615
1713 1614
1712 1613
1711 1612
1710 1611
1709 1610
1708 1609
1707 1608
1706 1607
1705 1606
1704 1605
1703 1604
1702 1603
1701 1602
1700 1601
1699 1600
1698 1599
1697 1598
1696 1597
1695 1596
1694 1595
1693 1594
1692 1593
1691 1592
1690 1591
1689 1590
1688 1589
1687 1588
1686 1587
1685 1586
1684 1585
1683 1584
1682 1583
1681 1582
1680 1581
1679 1580
1678 1579
1677 1578
1676 1577
1675 1576
1674 1575
1673 1574
1672 1573
1671 1572
1670 1571
1669 1570
1668 1569
1667 1568
1666 1567
1665 1566
1664 1565
1663 1564
1662 1563
1661 1562
1660 1561
1659 1560
1658 1559
1657 1558
1656 1557
1655 1556
1654 1555
1653 1554
1652 1553
1651 1552
1650 1551
1649 1550
1648 1549
1647 1548
1646 1547
1645 1546
1644 1545
1643 1544
1642 1543
1641 1542
1640 1541
1639 1540
1638 1539
1637 1538
1636 1537
1635 1536
1634 1535
1633 1534
1632 1533
1631 1532
1630 1531
1629 1530
1628 1529
1627 1528
1626 1527
1625 1526
1624 1525
1623 1524
1622 1523
1621 1522
1620 1521
1619 1520
1618 1519
1617 1518
1616 1517
1615 1516
1614 1515
1613 1514
1612 1513
1611 1512
1610 1511
1609 1510
1608 1509
1607 1508
1606 1507
1605 1506
1604 1505
1603 1504
1602 1503
1601 1502
1600 1501
1599 1500
1598 1499
1597 1498
1596 1497
1595 1496
1594 1495
1593 1494
1592 1493
1591 1492
1590 1491
1589 1490
1588 1489
1587 1488
1586 1487
1585 1486
1584 1485
1583 1484
1582 1483
1581 1482
1580 1481
1579 1480
1578 1479
1577 1478
1576 1477
1575 1476
1574 1475
1573 1474
1572 1473
1571 1472
1570 1471
1569 1470
1568 1469
1567 1468
1566 1467
1565 1466
1564 1465
1563 1464
1562 1463
1561 1462
1560 1461
1559 1460
1558 1459
1557 1458
1556 1457
1555 1456
1554 1455
1553 1454
1552 1453
1551 1452
1550 1451
1549 1450
1548 1449
1547 1448
1546 1447
1545 1446
1544 1445
1543 1444
1542 1443
1541 1442
1540 1441
1539 1440
1538 1439
1537 1438
1536 1437
1535 1436
1534 1435
1533 1434
1532 1433
1531 1432
1530 1431
1529 1430
1528 1429
1527 1428
1526 1427
1525 1426
1524 1425
1523 1424
1522 1423
1521 1422
1520 1421
1519 1420
1518 1419
1517 1418
1516 1417
1515 1416
1514 1415
1513 1414
1512 1413
1511 1412
1510 1411
1509 1410
1508 1409
1507 1408
1506 1407
1505 1406
1504 1405
1503 1404
1502 1403
1501 1402
1500 1401
1499 1400
1498 1399
1497 1398
1496 1397
1495 1396
1494 1395
1493 1394
1492 1393
1491 1392
1490 1391
1489 1390
1488 1389
1487 1388
1486 1387
1485 1386
1484 1385
1483 1384
1482 1383
1481 1382
1480 1381
1479 1380
1478 1379
1477 1378
1476 1377
1475 1376
1474 1375
1473 1374
1472 1373
1471 1372
1470 1371
1469 1370
1468 1369
1467 1368
1466 1367
1465 1366
1464 1365
1463 1364
1462 1363
1461 1362
1460 1361
1459 1360
1458 1359
1457 1358
1456 1357
1455 1356
1454 1355
1453 1354
1452 1353
1451 1352
1450 1351
1449 1350
1448 1349
1447 1348
1446 1347
1445 1346
1444 1345
1443 1344
1442 1343
1441 1342
1440 1341
1439 1340
1438 1339
1437 1338
1436 1337
1435 1336
1434 1335
1433 1334
1432 1333
1431 1332
1430 1331
1429 1330
1428 1329
1427 1328
1426 1327
1425 1326
1424 1325
1423 1324
1422 1323
1421 1322
1420 1321
1419 1320
1418 1319
1417 1318
1416 1317
1415 1316
1414 1315
1413 1314
1412 1313
1411 1312
1410 1311
1409 1310
1408 1309
1407 1308
1406 1307
1405 1306
1404 1305
1403 1304
1402 1303
1401 1302
1400 1301
1399 1300
1398 1299
1397 1298
1396 1297
1395 1296
1394 1295
1393 1294
1392 1293
1391 1292
1390 1291
1389 1290
1388 1289
1387 1288
1386 1287
1385 1286
1384 1285
1383 1284
1382 1283
1381 1282
1380 1281
1379 1280
1378 1279
1377 1278
1376 1277
1375 1276
1374 1275
1373 1274
1372 1273
1371 1272
1370 1271
1369 1270
1368 1269
1367 1268
1366 1267
1365 1266
1364 1265
1363 1264
1362 1263
1361 1262
1360 1261
1359 1260
1358 1259
1357 1258
1356 1257
1355 1256
1354 1255
1353 1254
1352 1253
1351 1252
1350 1251
1349 1250
1348 1249
1347 1248
1346 1247
1345 1246
1344 1245
1343 1244
1342 1243
1341 1242
1340 1241
1339 1240
1338 1239
1337 1238
1336 1237
1335 1236
1334 1235
1333 1234
1332 1233
1331 1232
1330 1231
1329 1230
1328 1229
1327 1228
1326 1227
1325 1226
1324 1225
1323 1224
1322 1223
1321 1222
1320 1221
1319 1220
1318 1219
1317 1218
1316 1217
1315 1216
1314 1215
1313 1214
1312 1213
1311 1212
1310 1211
1309 1210
1308 1209
1307 1208
1306 1207
1305 1206
1304 1205
1303 1204
1302 1203
1301 1202
1300 1201
1299 1200
1298 1199
1297 1198
1296 1197
1295 1196
1294 1195
1293 1194
1292 1193
1291 1192
1290 1191
1289 1190
1288 1189
1287 1188
1286 1187
1285 1186
1284 1185
1283 1184
1282 1183
1281 1182
1280 1181
1279 1180
1278 1179
1277 1178
1276 1177
1275 1176
1274 1175
1273 1174
1272 1173
1271 1172
1270 1171
1269 1170
1268 1169
1267 1168
1266 1167
1265 1166
1264 1165
1263 1164
1262 1163
1261 1162
1260 1161
1259 1160
1258 1159
1257 1158
1256 1157
1255 1156
1254 1155
1253 1154
1252 1153
1251 1152
1250 1151
1249 1150
1248 1149
1247 1148
1246 1147
1245 1146
1244 1145
1243 1144
1242 1143
1241 1142
1240 1141
1239 1140
1238 1139
1237 1138
1236 1137
1235 1136
1234 1135
1233 1134
1232 1133
1231 1132
1230 1131
1229 1130
1228 1129
1227 1128
1226 1127
1225 1126
1224 1125
1223 1124
1222 1123
1221 1122
1220 1121
1219 1120
1218 1119
1217 1118
1216 1117
1215 1116
1214 1115
1213 1114
1212 1113
1211 1112
1210 1111
1209 1110
1208 1109
1207 1108
1206 1107
1205 1106
1204 1105
1203 1104
1202 1103
1201 1102
1200 1101
1199 1100
1198 1099
1197 1098
1196 1097
1195 1096
1194 1095
1193 1094
1192 1093
1191 1092
1190 1091
1189 1090
1188 1089
1187 1088
1186 1087
1185 1086
1184 1085
1183 1084
1182 1083
1181 1082
1180 1081
1179 1080
1178 1079
1177 1078
1176 1077
1175 1076
1174 1075
1173 1074
1172 1073
1171 1072
1170 1071
1169 1070
1168 1069
1167 1068
1166 1067
1165 1066
1164 1065
1163 1064
1162 1063
1161 1062
1160 1061
1159 1060
1158 1059
1157 1058
1156 1057
1155 1056
1154 1055
1153 1054
1152 1053
1151 1052
1150 1051
1149 1050
1148 1049
1147 1048
1146 1047
1145 1046
1144 1045
1143 1044
1142 1043
1141 1042
1140 1041
1139 1040
1138 1039
1137 1038
1136 1037
1135 1036
1134 1035
1133 1034
1132 1033
1131 1032
1130 1031
1129 1030
1128 1029
1127 1028
1126 1027
1125 1026
1124 1025
1123 1024
1122 1023
1121 1022
1120 1021
1119 1020
1118 1019
1117 1018
1116 1017
1115 1016
1114 1015
1113 1014
1112 1013
1111 1012
1110 1011
1109 1010
1108 1009
1107 1008
1106 1007
1105 1006
1104 1005
1103 1004
1102 1003
1101 1002
1100 1001
1099 1000
1098 999
1097 998
1096 997
1095 996
1094 995
1093 994
1092 993
1091 992
1090 991
1089 990
1088 989
1087 988
1086 987
1085 986
1084 985
1083 984
1082 983
1081 982
1080 981
1079 980
1078 979
1077 978
1076 977
1075 976
1074 975
1073 974
1072 973
1071 972
1070 971
1069 970
1068 969
1067 968
1066 967
1065 966
1064 965
1063 964
1062 963
1061 962
1060 961
1059 960
1058 959
1057 958
1056 957
1055 956
1054 955
1053 954
1052 953
1051 952
1050 951
1049 950
1048 949
1047 948
1046 947
1045 946
1044 945
1043 944
1042 943
1041 942
1040 941
1039 940
1038 939
1037 938
1036 937
1035 936
1034 935
1033 934
1032 933
1031 932
1030 931
1029 930
1028 929
1027 928
1026 927
1025 926
1024 925
1023 924
1022 923
1021 922
1020 921
1019 920
1018 919
1017 918
1016 917
1015 916
1014 915
1013 914
1012 913
1011 912
1010 911
1009 910
1008 909
1007 908
1006 907
1005 906
1004 905
1003 904
1002 903
1001 902
1000 901
999 900
998 899
997 898
996 897
995 896
994 895
993 894
992 893
991 892
990 891
989 890
988 889
987 888
986 887
985 886
984 885
983 884
982 883
981 882
980 881
979 880
978 879
977 878
976 877
975 876
974 875
973 874
972 873
971 872
970 871
969 870
968 869
967 868
966 867
965 866
964 865
963 864
962 863
961 862
960 861
959 860
958 859
957 858
956 857
955 856
954 855
953 854
952 853
951 852
950 851
949 850
948 849
947 848
946 847
945 846
944 845
943 844
942 843
941 842
940 841
939 840
938 839
937 838
936 837
935 836
934 835
933 834
932 833
931 832
930 831
929 830
928 829
927 828
926 827
925 826
924 825
923 824
922 823
921 822
920 821
919 820
918 819
917 818
916 817
915 816
914 815
913 814
912 813
911 812
910 811
909 810
908 809
907 808
906 807
905 806
904 805
903 804
902 803
901 802
900 801
899 800
898 799
897 798
896 797
895 796
894 795
893 794
892 793
891 792
890 791
889 790
888 789
887 788
886 787
885 786
884 785
883 784
882 783
881 782
880 781
879 780
878 779
877 778
876 777
875 776
874 775
873 774
872 773
871 772
870 771
869 770
868 769
867 768
866 767
865 766
864 765
863 764
862 763
861 762
860 761
859 760
858 759
857 758
856 757
855 756
854 755
853 754
852 753
851 752
850 751
849 750
848 749
847 748
846 747
845 746
844 745
843 744
842 743
841 742
840 741
839 740
838 739
837 738
836 737
835 736
834 735
833 734
832 733
831 732
830 731
829 730
828 729
827 728
826 727
825 726
824 725
823 724
822 723
821 722
820 721
819 720
818 719
817 718
816 717
815 716
814 715
813 714
812 713
811 712
810 711
809 710
808 709
807 708
806 707
805 706
804 705
803 704
802 703
801 702
800 701
799 700
798 699
797 698
796 697
795 696
794 695
793 694
792 693
791 692
790 691
789 690
788 689
787 688
786 687
785 686
784 685
783 684
782 683
781 682
780 681
779 680
778 679
777 678
776 677
775 676
774 675
773 674
772 673
771 672
770 671
769 670
768 669
767 668
766 667
765 666
764 665
763 664
762 663
761 662
760 661
759 660
758 659
757 658
756 657
755 656
754 655
753 654
752 653
751 652
750 651
749 650
748 649
747 648
746 647
745 646
744 645
743 644
742 643
741 642
740 641
739 640
738 639
737 638
736 637
735 636
734 635
733 634
732 633
731 632
730 631
729 630
728 629
727 628
726 627
725 626
724 625
723 624
722 623
721 622
720 621
719 620
718 619
717 618
716 617
715 616
714 615
713 614
712 613
711 612
710 611
709 610
708 609
707 608
706 607
705 606
704 605
703 604
702 603
701 602
700 601
699 600
698 599
697 598
696 597
695 596
694 595
693 594
692 593
691 592
690 591
689 590
688 589
687 588
686 587
685 586
684 585
683 584
682 583
681 582
680 581
679 580
678 579
677 578
676 577
675 576
674 575
673 574
672 573
671 572
670 571
669 570
668 569
667 568
666 567
665 566
664 565
663 564
662 563
661 562
660 561
659 560
658 559
657 558
656 557
655 556
654 555
653 554
652 553
651 552
650 551
649 550
648 549
647 548
646 547
645 546
644 545
643 544
642 543
641 542
640 541
639 540
638 539
637 538
636 537
635 536
634 535
633 534
632 533
631 532
630 531
629 530
628 529
627 528
626 527
625 526
624 525
623 524
622 523
621 522
620 521
619 520
618 519
617 518
616 517
615 516
614 515
613 514
612 513
611 512
610 511
609 510
608 509
607 508
606 507
605 506
604 505
603 504
602 503
601 502
600 501
599 500
598 499
597 498
596 497
595 496
594 495
593 494
592 493
591 492
590 491
589 490
588 489
587 488
586 487
585 486
584 485
583 484
582 483
581 482
580 481
579 480
578 479
577 478
576 477
575 476
574 475
573 474
572 473
571 472
570 471
569 470
568 469
567 468
566 467
565 466
564 465
563 464
562 463
561 462
560 461
559 460
558 459
557 458
556 457
555 456
554 455
553 454
552 453
551 452
550 451
549 450
548 449
547 448
546 447
545 446
544 445
543 444
542 443
541 442
540 441
539 440
538 439
537 438
536 437
535 436
534 435
533 434
532 433
531 432
530 431
529 430
528 429
527 428
526 427
525 426
524 425
523 424
522 423
521 422
520 421
519 420
518 419
517 418
516 417
515 416
514 415
513 414
512 413
511 412
510 411
509 410
508 409
507 408
506 407
505 406
504 405
503 404
502 403
501 402
500 401
499 400
498 399
497 398
496 397
495 396
494 395
493 394
492 393
491 392
490 391
489 390
488 389
487 388
486 387
485 386
484 385
483 384
482 383
481 382
480 381
479 380
478 379
477 378
476 377
475 376
474 375
473 374
472 373
471 372
470 371
469 370
468 369
467 368
466 367
465 366
464 365
463 364
462 363
461 362
460 361
459 360
458 359
457 358
456 357
455 356
454 355
453 354
452 353
451 352
450 351
449 350
448 349
447 348
446 347
445 346
444 345
443 344
442 343
441 342
440 341
439 340
438 339
437 338
436 337
435 336
434 335
433 334
432 333
431 332
430 331
429 330
428 329
427 328
426 327
425 326
424 325
423 324
422 323
421 322
420 321
419 320
418 319
417 318
416 317
415 316
414 315
413 314
412 313
411 312
410 311
409 310
408 309
407 308
406 307
405 306
404 305
403 304
402 303
401 302
400 301
399 300
398 299
397 298
396 297
395 296
394 295
393 294
392 293
391 292
390 291
389 290
388 289
387 288
386 287
385 286
384 285
383 284
382 283
381 282
380 281
379 280
378 279
377 278
376 277
375 276
374 275
373 274
372 273
371 272
370 271
369 270
368 269
367 268
366 267
365 266
364 265
363 264
362 263
361 262
360 261
359 260
358 259
357 258
356 257
355 256
354 255
353 254
352 253
351 252
350 251
349 250
348 249
347 248
346 247
345 246
344 245
343 244
342 243
341 242
340 241
339 240
338 239
337 238
336 237
335 236
334 235
333 234
332 233
331 232
330 231
329 230
328 229
327 228
326 227
325 226
324 225
323 224
322 223
321 222
320 221
319 220
318 219
317 218
316 217
315 216
314 215
313 214
312 213
311 212
310 211
309 210
308 209
307 208
306 207
305 206
304 205
303 204
302 203
301 202
300 201
299 200
298 199
297 198
296 197
295 196
294 195
293 194
292 193
291 192
290 191
289 190
288 189
287 188
286 187
285 186
284 185
283 184
282 183
281 182
280 181
279 180
278 179
277 178
276 177
275 176
274 175
273 174
272 173
271 172
270 171
269 170
268 169
267 168
266 167
265 166
264 165
263 164
262 163
261 162
260 161
259 160
258 159
257 158
256 157
255 156
254 155
253 154
252 153
251 152
250 151
249 150
248 149
247 148
246 147
245 146
244 145
243 144
242 143
241 142
240 141
239 140
238 139
237 138
236 137
235 136
234 135
233 134
232 133
231 132
230 131
229 130
228 129
227 128
226 127
225 126
224 125
223 124
222 123
221 122
220 121
219 120
218 119
217 118
216 117
215 116
214 115
213 114
212 113
211 112
210 111
209 110
208 109
207 108
206 107
205 106
204 105
203 104
202 103
201 102
200 101
199 100
198 99
197 98
196 97
195 96
194 95
193 94
192 93
191 92
190 91
189 90
188 89
187 88
186 87
185 86
184 85
183 84
182 83
181 82
180 81
179 80
178 79
177 78
176 77
175 76
174 75
173 74
172 73
171 72
170 71
169 70
168 69
167 68
166 67
165 66
164 65
163 64
162 63
161 62
160 61
159 60
158 59
157 58
156 57
155 56
154 55
153 54
152 53
151 52
150 51
149 50
148 49
147 48
146 47
145 46
144 45
143 44
142 43
141 42
140 41
139 40
138 39
137 38
136 37
135 36
134 35
133 34
132 33
131 32
130 31
129 30
128 29
127 28
126 27
125 26
124 25
123 24
122 23
121 22
120 21
119 20
118 19
117 18
116 17
115 16
114 15
113 14
112 13
111 12
110 11
109 10
108 9
107 8
106 7
105 6
104 5
103 4
102 3
101 2
100 1
99 1
98 1
97 2
96 3
95 4
94 5
93 6
92 7
91 8
90 9
89 10
88 11
87 12
86 13
85 14
84 15
83 16
82 17
81 18
80 19
79 20
78 21
77 22
76 23
75 24
74 25
73 26
72 27
71 28
70 29
69 30
68 31
67 32
66 33
65 34
64 35
63 36
62 37
61 38
60 39
59 40
58 41
57 42
56 43
55 44
54 45
53 46
52 47
51 48
50 49
49 50
48 51
47 52
46 53
45 54
44 55
43 56
42 57
41 58
40 59
39 60
38 61
37 62
36 63
35 64
34 65
33 66
32 67
31 68
30 69
29 70
28 71
27 72
26 73
25 74
24 75
23 76
22 77
21 78
20 79
19 80
18 81
17 82
16 83
15 84
14 85
13 86
12 87
11 88
10 89
9 90
8 91
7 92
6 93
5 94
4 95
3 96
2 97
1 98
