25
156
156 132
155 131
154 130
153 129
152 128
151 127
150 126
149 125
148 124
147 123
146 122
145 121
144 120
143 119
142 118
141 117
140 116
139 115
138 114
137 113
136 112
135 111
134 110
133 109
132 108
131 107
130 106
129 105
128 104
127 103
126 102
125 101
124 100
123 99
122 98
121 97
120 96
119 95
118 94
117 93
116 92
115 91
114 90
113 89
112 88
111 87
110 86
109 85
108 84
107 83
106 82
105 81
104 80
103 79
102 78
101 77
100 76
99 75
98 74
97 73
96 72
95 71
94 70
93 69
92 68
91 67
90 66
89 65
88 64
87 63
86 62
85 61
84 60
83 59
82 58
81 57
80 56
79 55
78 54
77 53
76 52
75 51
74 50
73 49
72 48
71 47
70 46
69 45
68 44
67 43
66 42
65 41
64 40
63 39
62 38
61 37
60 36
59 35
58 34
57 33
56 32
55 31
54 30
53 29
52 28
51 27
50 26
49 25
48 24
47 23
46 22
45 21
44 20
43 19
42 18
41 17
40 16
39 15
38 14
37 13
36 12
35 11
34 10
33 9
32 8
31 7
30 6
29 5
28 4
27 3
26 2
25 1
24 1
23 1
22 2
21 3
20 4
19 5
18 6
17 7
16 8
15 9
14 10
13 11
12 12
11 13
10 14
9 15
8 16
7 17
6 18
5 19
4 20
3 21
2 22
1 23
