25
469
469 445
468 444
467 443
466 442
465 441
464 440
463 439
462 438
461 437
460 436
459 435
458 434
457 433
456 432
455 431
454 430
453 429
452 428
451 427
450 426
449 425
448 424
447 423
446 422
445 421
444 420
443 419
442 418
441 417
440 416
439 415
438 414
437 413
436 412
435 411
434 410
433 409
432 408
431 407
430 406
429 405
428 404
427 403
426 402
425 401
424 400
423 399
422 398
421 397
420 396
419 395
418 394
417 393
416 392
415 391
414 390
413 389
412 388
411 387
410 386
409 385
408 384
407 383
406 382
405 381
404 380
403 379
402 378
401 377
400 376
399 375
398 374
397 373
396 372
395 371
394 370
393 369
392 368
391 367
390 366
389 365
388 364
387 363
386 362
385 361
384 360
383 359
382 358
381 357
380 356
379 355
378 354
377 353
376 352
375 351
374 350
373 349
372 348
371 347
370 346
369 345
368 344
367 343
366 342
365 341
364 340
363 339
362 338
361 337
360 336
359 335
358 334
357 333
356 332
355 331
354 330
353 329
352 328
351 327
350 326
349 325
348 324
347 323
346 322
345 321
344 320
343 319
342 318
341 317
340 316
339 315
338 314
337 313
336 312
335 311
334 310
333 309
332 308
331 307
330 306
329 305
328 304
327 303
326 302
325 301
324 300
323 299
322 298
321 297
320 296
319 295
318 294
317 293
316 292
315 291
314 290
313 289
312 288
311 287
310 286
309 285
308 284
307 283
306 282
305 281
304 280
303 279
302 278
301 277
300 276
299 275
298 274
297 273
296 272
295 271
294 270
293 269
292 268
291 267
290 266
289 265
288 264
287 263
286 262
285 261
284 260
283 259
282 258
281 257
280 256
279 255
278 254
277 253
276 252
275 251
274 250
273 249
272 248
271 247
270 246
269 245
268 244
267 243
266 242
265 241
264 240
263 239
262 238
261 237
260 236
259 235
258 234
257 233
256 232
255 231
254 230
253 229
252 228
251 227
250 226
249 225
248 224
247 223
246 222
245 221
244 220
243 219
242 218
241 217
240 216
239 215
238 214
237 213
236 212
235 211
234 210
233 209
232 208
231 207
230 206
229 205
228 204
227 203
226 202
225 201
224 200
223 199
222 198
221 197
220 196
219 195
218 194
217 193
216 192
215 191
214 190
213 189
212 188
211 187
210 186
209 185
208 184
207 183
206 182
205 181
204 180
203 179
202 178
201 177
200 176
199 175
198 174
197 173
196 172
195 171
194 170
193 169
192 168
191 167
190 166
189 165
188 164
187 163
186 162
185 161
184 160
183 159
182 158
181 157
180 156
179 155
178 154
177 153
176 152
175 151
174 150
173 149
172 148
171 147
170 146
169 145
168 144
167 143
166 142
165 141
164 140
163 139
162 138
161 137
160 136
159 135
158 134
157 133
156 132
155 131
154 130
153 129
152 128
151 127
150 126
149 125
148 124
147 123
146 122
145 121
144 120
143 119
142 118
141 117
140 116
139 115
138 114
137 113
136 112
135 111
134 110
133 109
132 108
131 107
130 106
129 105
128 104
127 103
126 102
125 101
124 100
123 99
122 98
121 97
120 96
119 95
118 94
117 93
116 92
115 91
114 90
113 89
112 88
111 87
110 86
109 85
108 84
107 83
106 82
105 81
104 80
103 79
102 78
101 77
100 76
99 75
98 74
97 73
96 72
95 71
94 70
93 69
92 68
91 67
90 66
89 65
88 64
87 63
86 62
85 61
84 60
83 59
82 58
81 57
80 56
79 55
78 54
77 53
76 52
75 51
74 50
73 49
72 48
71 47
70 46
69 45
68 44
67 43
66 42
65 41
64 40
63 39
62 38
61 37
60 36
59 35
58 34
57 33
56 32
55 31
54 30
53 29
52 28
51 27
50 26
49 25
48 24
47 23
46 22
45 21
44 20
43 19
42 18
41 17
40 16
39 15
38 14
37 13
36 12
35 11
34 10
33 9
32 8
31 7
30 6
29 5
28 4
27 3
26 2
25 1
24 1
23 1
22 2
21 3
20 4
19 5
18 6
17 7
16 8
15 9
14 10
13 11
12 12
11 13
10 14
9 15
8 16
7 17
6 18
5 19
4 20
3 21
2 22
1 23
