50
1250
1250 1201
1249 1200
1248 1199
1247 1198
1246 1197
1245 1196
1244 1195
1243 1194
1242 1193
1241 1192
1240 1191
1239 1190
1238 1189
1237 1188
1236 1187
1235 1186
1234 1185
1233 1184
1232 1183
1231 1182
1230 1181
1229 1180
1228 1179
1227 1178
1226 1177
1225 1176
1224 1175
1223 1174
1222 1173
1221 1172
1220 1171
1219 1170
1218 1169
1217 1168
1216 1167
1215 1166
1214 1165
1213 1164
1212 1163
1211 1162
1210 1161
1209 1160
1208 1159
1207 1158
1206 1157
1205 1156
1204 1155
1203 1154
1202 1153
1201 1152
1200 1151
1199 1150
1198 1149
1197 1148
1196 1147
1195 1146
1194 1145
1193 1144
1192 1143
1191 1142
1190 1141
1189 1140
1188 1139
1187 1138
1186 1137
1185 1136
1184 1135
1183 1134
1182 1133
1181 1132
1180 1131
1179 1130
1178 1129
1177 1128
1176 1127
1175 1126
1174 1125
1173 1124
1172 1123
1171 1122
1170 1121
1169 1120
1168 1119
1167 1118
1166 1117
1165 1116
1164 1115
1163 1114
1162 1113
1161 1112
1160 1111
1159 1110
1158 1109
1157 1108
1156 1107
1155 1106
1154 1105
1153 1104
1152 1103
1151 1102
1150 1101
1149 1100
1148 1099
1147 1098
1146 1097
1145 1096
1144 1095
1143 1094
1142 1093
1141 1092
1140 1091
1139 1090
1138 1089
1137 1088
1136 1087
1135 1086
1134 1085
1133 1084
1132 1083
1131 1082
1130 1081
1129 1080
1128 1079
1127 1078
1126 1077
1125 1076
1124 1075
1123 1074
1122 1073
1121 1072
1120 1071
1119 1070
1118 1069
1117 1068
1116 1067
1115 1066
1114 1065
1113 1064
1112 1063
1111 1062
1110 1061
1109 1060
1108 1059
1107 1058
1106 1057
1105 1056
1104 1055
1103 1054
1102 1053
1101 1052
1100 1051
1099 1050
1098 1049
1097 1048
1096 1047
1095 1046
1094 1045
1093 1044
1092 1043
1091 1042
1090 1041
1089 1040
1088 1039
1087 1038
1086 1037
1085 1036
1084 1035
1083 1034
1082 1033
1081 1032
1080 1031
1079 1030
1078 1029
1077 1028
1076 1027
1075 1026
1074 1025
1073 1024
1072 1023
1071 1022
1070 1021
1069 1020
1068 1019
1067 1018
1066 1017
1065 1016
1064 1015
1063 1014
1062 1013
1061 1012
1060 1011
1059 1010
1058 1009
1057 1008
1056 1007
1055 1006
1054 1005
1053 1004
1052 1003
1051 1002
1050 1001
1049 1000
1048 999
1047 998
1046 997
1045 996
1044 995
1043 994
1042 993
1041 992
1040 991
1039 990
1038 989
1037 988
1036 987
1035 986
1034 985
1033 984
1032 983
1031 982
1030 981
1029 980
1028 979
1027 978
1026 977
1025 976
1024 975
1023 974
1022 973
1021 972
1020 971
1019 970
1018 969
1017 968
1016 967
1015 966
1014 965
1013 964
1012 963
1011 962
1010 961
1009 960
1008 959
1007 958
1006 957
1005 956
1004 955
1003 954
1002 953
1001 952
1000 951
999 950
998 949
997 948
996 947
995 946
994 945
993 944
992 943
991 942
990 941
989 940
988 939
987 938
986 937
985 936
984 935
983 934
982 933
981 932
980 931
979 930
978 929
977 928
976 927
975 926
974 925
973 924
972 923
971 922
970 921
969 920
968 919
967 918
966 917
965 916
964 915
963 914
962 913
961 912
960 911
959 910
958 909
957 908
956 907
955 906
954 905
953 904
952 903
951 902
950 901
949 900
948 899
947 898
946 897
945 896
944 895
943 894
942 893
941 892
940 891
939 890
938 889
937 888
936 887
935 886
934 885
933 884
932 883
931 882
930 881
929 880
928 879
927 878
926 877
925 876
924 875
923 874
922 873
921 872
920 871
919 870
918 869
917 868
916 867
915 866
914 865
913 864
912 863
911 862
910 861
909 860
908 859
907 858
906 857
905 856
904 855
903 854
902 853
901 852
900 851
899 850
898 849
897 848
896 847
895 846
894 845
893 844
892 843
891 842
890 841
889 840
888 839
887 838
886 837
885 836
884 835
883 834
882 833
881 832
880 831
879 830
878 829
877 828
876 827
875 826
874 825
873 824
872 823
871 822
870 821
869 820
868 819
867 818
866 817
865 816
864 815
863 814
862 813
861 812
860 811
859 810
858 809
857 808
856 807
855 806
854 805
853 804
852 803
851 802
850 801
849 800
848 799
847 798
846 797
845 796
844 795
843 794
842 793
841 792
840 791
839 790
838 789
837 788
836 787
835 786
834 785
833 784
832 783
831 782
830 781
829 780
828 779
827 778
826 777
825 776
824 775
823 774
822 773
821 772
820 771
819 770
818 769
817 768
816 767
815 766
814 765
813 764
812 763
811 762
810 761
809 760
808 759
807 758
806 757
805 756
804 755
803 754
802 753
801 752
800 751
799 750
798 749
797 748
796 747
795 746
794 745
793 744
792 743
791 742
790 741
789 740
788 739
787 738
786 737
785 736
784 735
783 734
782 733
781 732
780 731
779 730
778 729
777 728
776 727
775 726
774 725
773 724
772 723
771 722
770 721
769 720
768 719
767 718
766 717
765 716
764 715
763 714
762 713
761 712
760 711
759 710
758 709
757 708
756 707
755 706
754 705
753 704
752 703
751 702
750 701
749 700
748 699
747 698
746 697
745 696
744 695
743 694
742 693
741 692
740 691
739 690
738 689
737 688
736 687
735 686
734 685
733 684
732 683
731 682
730 681
729 680
728 679
727 678
726 677
725 676
724 675
723 674
722 673
721 672
720 671
719 670
718 669
717 668
716 667
715 666
714 665
713 664
712 663
711 662
710 661
709 660
708 659
707 658
706 657
705 656
704 655
703 654
702 653
701 652
700 651
699 650
698 649
697 648
696 647
695 646
694 645
693 644
692 643
691 642
690 641
689 640
688 639
687 638
686 637
685 636
684 635
683 634
682 633
681 632
680 631
679 630
678 629
677 628
676 627
675 626
674 625
673 624
672 623
671 622
670 621
669 620
668 619
667 618
666 617
665 616
664 615
663 614
662 613
661 612
660 611
659 610
658 609
657 608
656 607
655 606
654 605
653 604
652 603
651 602
650 601
649 600
648 599
647 598
646 597
645 596
644 595
643 594
642 593
641 592
640 591
639 590
638 589
637 588
636 587
635 586
634 585
633 584
632 583
631 582
630 581
629 580
628 579
627 578
626 577
625 576
624 575
623 574
622 573
621 572
620 571
619 570
618 569
617 568
616 567
615 566
614 565
613 564
612 563
611 562
610 561
609 560
608 559
607 558
606 557
605 556
604 555
603 554
602 553
601 552
600 551
599 550
598 549
597 548
596 547
595 546
594 545
593 544
592 543
591 542
590 541
589 540
588 539
587 538
586 537
585 536
584 535
583 534
582 533
581 532
580 531
579 530
578 529
577 528
576 527
575 526
574 525
573 524
572 523
571 522
570 521
569 520
568 519
567 518
566 517
565 516
564 515
563 514
562 513
561 512
560 511
559 510
558 509
557 508
556 507
555 506
554 505
553 504
552 503
551 502
550 501
549 500
548 499
547 498
546 497
545 496
544 495
543 494
542 493
541 492
540 491
539 490
538 489
537 488
536 487
535 486
534 485
533 484
532 483
531 482
530 481
529 480
528 479
527 478
526 477
525 476
524 475
523 474
522 473
521 472
520 471
519 470
518 469
517 468
516 467
515 466
514 465
513 464
512 463
511 462
510 461
509 460
508 459
507 458
506 457
505 456
504 455
503 454
502 453
501 452
500 451
499 450
498 449
497 448
496 447
495 446
494 445
493 444
492 443
491 442
490 441
489 440
488 439
487 438
486 437
485 436
484 435
483 434
482 433
481 432
480 431
479 430
478 429
477 428
476 427
475 426
474 425
473 424
472 423
471 422
470 421
469 420
468 419
467 418
466 417
465 416
464 415
463 414
462 413
461 412
460 411
459 410
458 409
457 408
456 407
455 406
454 405
453 404
452 403
451 402
450 401
449 400
448 399
447 398
446 397
445 396
444 395
443 394
442 393
441 392
440 391
439 390
438 389
437 388
436 387
435 386
434 385
433 384
432 383
431 382
430 381
429 380
428 379
427 378
426 377
425 376
424 375
423 374
422 373
421 372
420 371
419 370
418 369
417 368
416 367
415 366
414 365
413 364
412 363
411 362
410 361
409 360
408 359
407 358
406 357
405 356
404 355
403 354
402 353
401 352
400 351
399 350
398 349
397 348
396 347
395 346
394 345
393 344
392 343
391 342
390 341
389 340
388 339
387 338
386 337
385 336
384 335
383 334
382 333
381 332
380 331
379 330
378 329
377 328
376 327
375 326
374 325
373 324
372 323
371 322
370 321
369 320
368 319
367 318
366 317
365 316
364 315
363 314
362 313
361 312
360 311
359 310
358 309
357 308
356 307
355 306
354 305
353 304
352 303
351 302
350 301
349 300
348 299
347 298
346 297
345 296
344 295
343 294
342 293
341 292
340 291
339 290
338 289
337 288
336 287
335 286
334 285
333 284
332 283
331 282
330 281
329 280
328 279
327 278
326 277
325 276
324 275
323 274
322 273
321 272
320 271
319 270
318 269
317 268
316 267
315 266
314 265
313 264
312 263
311 262
310 261
309 260
308 259
307 258
306 257
305 256
304 255
303 254
302 253
301 252
300 251
299 250
298 249
297 248
296 247
295 246
294 245
293 244
292 243
291 242
290 241
289 240
288 239
287 238
286 237
285 236
284 235
283 234
282 233
281 232
280 231
279 230
278 229
277 228
276 227
275 226
274 225
273 224
272 223
271 222
270 221
269 220
268 219
267 218
266 217
265 216
264 215
263 214
262 213
261 212
260 211
259 210
258 209
257 208
256 207
255 206
254 205
253 204
252 203
251 202
250 201
249 200
248 199
247 198
246 197
245 196
244 195
243 194
242 193
241 192
240 191
239 190
238 189
237 188
236 187
235 186
234 185
233 184
232 183
231 182
230 181
229 180
228 179
227 178
226 177
225 176
224 175
223 174
222 173
221 172
220 171
219 170
218 169
217 168
216 167
215 166
214 165
213 164
212 163
211 162
210 161
209 160
208 159
207 158
206 157
205 156
204 155
203 154
202 153
201 152
200 151
199 150
198 149
197 148
196 147
195 146
194 145
193 144
192 143
191 142
190 141
189 140
188 139
187 138
186 137
185 136
184 135
183 134
182 133
181 132
180 131
179 130
178 129
177 128
176 127
175 126
174 125
173 124
172 123
171 122
170 121
169 120
168 119
167 118
166 117
165 116
164 115
163 114
162 113
161 112
160 111
159 110
158 109
157 108
156 107
155 106
154 105
153 104
152 103
151 102
150 101
149 100
148 99
147 98
146 97
145 96
144 95
143 94
142 93
141 92
140 91
139 90
138 89
137 88
136 87
135 86
134 85
133 84
132 83
131 82
130 81
129 80
128 79
127 78
126 77
125 76
124 75
123 74
122 73
121 72
120 71
119 70
118 69
117 68
116 67
115 66
114 65
113 64
112 63
111 62
110 61
109 60
108 59
107 58
106 57
105 56
104 55
103 54
102 53
101 52
100 51
99 50
98 49
97 48
96 47
95 46
94 45
93 44
92 43
91 42
90 41
89 40
88 39
87 38
86 37
85 36
84 35
83 34
82 33
81 32
80 31
79 30
78 29
77 28
76 27
75 26
74 25
73 24
72 23
71 22
70 21
69 20
68 19
67 18
66 17
65 16
64 15
63 14
62 13
61 12
60 11
59 10
58 9
57 8
56 7
55 6
54 5
53 4
52 3
51 2
50 1
49 1
48 1
47 2
46 3
45 4
44 5
43 6
42 7
41 8
40 9
39 10
38 11
37 12
36 13
35 14
34 15
33 16
32 17
31 18
30 19
29 20
28 21
27 22
26 23
25 24
24 25
23 26
22 27
21 28
20 29
19 30
18 31
17 32
16 33
15 34
14 35
13 36
12 37
11 38
10 39
9 40
8 41
7 42
6 43
5 44
4 45
3 46
2 47
1 48
