50
2500
2500 2451
2499 2450
2498 2449
2497 2448
2496 2447
2495 2446
2494 2445
2493 2444
2492 2443
2491 2442
2490 2441
2489 2440
2488 2439
2487 2438
2486 2437
2485 2436
2484 2435
2483 2434
2482 2433
2481 2432
2480 2431
2479 2430
2478 2429
2477 2428
2476 2427
2475 2426
2474 2425
2473 2424
2472 2423
2471 2422
2470 2421
2469 2420
2468 2419
2467 2418
2466 2417
2465 2416
2464 2415
2463 2414
2462 2413
2461 2412
2460 2411
2459 2410
2458 2409
2457 2408
2456 2407
2455 2406
2454 2405
2453 2404
2452 2403
2451 2402
2450 2401
2449 2400
2448 2399
2447 2398
2446 2397
2445 2396
2444 2395
2443 2394
2442 2393
2441 2392
2440 2391
2439 2390
2438 2389
2437 2388
2436 2387
2435 2386
2434 2385
2433 2384
2432 2383
2431 2382
2430 2381
2429 2380
2428 2379
2427 2378
2426 2377
2425 2376
2424 2375
2423 2374
2422 2373
2421 2372
2420 2371
2419 2370
2418 2369
2417 2368
2416 2367
2415 2366
2414 2365
2413 2364
2412 2363
2411 2362
2410 2361
2409 2360
2408 2359
2407 2358
2406 2357
2405 2356
2404 2355
2403 2354
2402 2353
2401 2352
2400 2351
2399 2350
2398 2349
2397 2348
2396 2347
2395 2346
2394 2345
2393 2344
2392 2343
2391 2342
2390 2341
2389 2340
2388 2339
2387 2338
2386 2337
2385 2336
2384 2335
2383 2334
2382 2333
2381 2332
2380 2331
2379 2330
2378 2329
2377 2328
2376 2327
2375 2326
2374 2325
2373 2324
2372 2323
2371 2322
2370 2321
2369 2320
2368 2319
2367 2318
2366 2317
2365 2316
2364 2315
2363 2314
2362 2313
2361 2312
2360 2311
2359 2310
2358 2309
2357 2308
2356 2307
2355 2306
2354 2305
2353 2304
2352 2303
2351 2302
2350 2301
2349 2300
2348 2299
2347 2298
2346 2297
2345 2296
2344 2295
2343 2294
2342 2293
2341 2292
2340 2291
2339 2290
2338 2289
2337 2288
2336 2287
2335 2286
2334 2285
2333 2284
2332 2283
2331 2282
2330 2281
2329 2280
2328 2279
2327 2278
2326 2277
2325 2276
2324 2275
2323 2274
2322 2273
2321 2272
2320 2271
2319 2270
2318 2269
2317 2268
2316 2267
2315 2266
2314 2265
2313 2264
2312 2263
2311 2262
2310 2261
2309 2260
2308 2259
2307 2258
2306 2257
2305 2256
2304 2255
2303 2254
2302 2253
2301 2252
2300 2251
2299 2250
2298 2249
2297 2248
2296 2247
2295 2246
2294 2245
2293 2244
2292 2243
2291 2242
2290 2241
2289 2240
2288 2239
2287 2238
2286 2237
2285 2236
2284 2235
2283 2234
2282 2233
2281 2232
2280 2231
2279 2230
2278 2229
2277 2228
2276 2227
2275 2226
2274 2225
2273 2224
2272 2223
2271 2222
2270 2221
2269 2220
2268 2219
2267 2218
2266 2217
2265 2216
2264 2215
2263 2214
2262 2213
2261 2212
2260 2211
2259 2210
2258 2209
2257 2208
2256 2207
2255 2206
2254 2205
2253 2204
2252 2203
2251 2202
2250 2201
2249 2200
2248 2199
2247 2198
2246 2197
2245 2196
2244 2195
2243 2194
2242 2193
2241 2192
2240 2191
2239 2190
2238 2189
2237 2188
2236 2187
2235 2186
2234 2185
2233 2184
2232 2183
2231 2182
2230 2181
2229 2180
2228 2179
2227 2178
2226 2177
2225 2176
2224 2175
2223 2174
2222 2173
2221 2172
2220 2171
2219 2170
2218 2169
2217 2168
2216 2167
2215 2166
2214 2165
2213 2164
2212 2163
2211 2162
2210 2161
2209 2160
2208 2159
2207 2158
2206 2157
2205 2156
2204 2155
2203 2154
2202 2153
2201 2152
2200 2151
2199 2150
2198 2149
2197 2148
2196 2147
2195 2146
2194 2145
2193 2144
2192 2143
2191 2142
2190 2141
2189 2140
2188 2139
2187 2138
2186 2137
2185 2136
2184 2135
2183 2134
2182 2133
2181 2132
2180 2131
2179 2130
2178 2129
2177 2128
2176 2127
2175 2126
2174 2125
2173 2124
2172 2123
2171 2122
2170 2121
2169 2120
2168 2119
2167 2118
2166 2117
2165 2116
2164 2115
2163 2114
2162 2113
2161 2112
2160 2111
2159 2110
2158 2109
2157 2108
2156 2107
2155 2106
2154 2105
2153 2104
2152 2103
2151 2102
2150 2101
2149 2100
2148 2099
2147 2098
2146 2097
2145 2096
2144 2095
2143 2094
2142 2093
2141 2092
2140 2091
2139 2090
2138 2089
2137 2088
2136 2087
2135 2086
2134 2085
2133 2084
2132 2083
2131 2082
2130 2081
2129 2080
2128 2079
2127 2078
2126 2077
2125 2076
2124 2075
2123 2074
2122 2073
2121 2072
2120 2071
2119 2070
2118 2069
2117 2068
2116 2067
2115 2066
2114 2065
2113 2064
2112 2063
2111 2062
2110 2061
2109 2060
2108 2059
2107 2058
2106 2057
2105 2056
2104 2055
2103 2054
2102 2053
2101 2052
2100 2051
2099 2050
2098 2049
2097 2048
2096 2047
2095 2046
2094 2045
2093 2044
2092 2043
2091 2042
2090 2041
2089 2040
2088 2039
2087 2038
2086 2037
2085 2036
2084 2035
2083 2034
2082 2033
2081 2032
2080 2031
2079 2030
2078 2029
2077 2028
2076 2027
2075 2026
2074 2025
2073 2024
2072 2023
2071 2022
2070 2021
2069 2020
2068 2019
2067 2018
2066 2017
2065 2016
2064 2015
2063 2014
2062 2013
2061 2012
2060 2011
2059 2010
2058 2009
2057 2008
2056 2007
2055 2006
2054 2005
2053 2004
2052 2003
2051 2002
2050 2001
2049 2000
2048 1999
2047 1998
2046 1997
2045 1996
2044 1995
2043 1994
2042 1993
2041 1992
2040 1991
2039 1990
2038 1989
2037 1988
2036 1987
2035 1986
2034 1985
2033 1984
2032 1983
2031 1982
2030 1981
2029 1980
2028 1979
2027 1978
2026 1977
2025 1976
2024 1975
2023 1974
2022 1973
2021 1972
2020 1971
2019 1970
2018 1969
2017 1968
2016 1967
2015 1966
2014 1965
2013 1964
2012 1963
2011 1962
2010 1961
2009 1960
2008 1959
2007 1958
2006 1957
2005 1956
2004 1955
2003 1954
2002 1953
2001 1952
2000 1951
1999 1950
1998 1949
1997 1948
1996 1947
1995 1946
1994 1945
1993 1944
1992 1943
1991 1942
1990 1941
1989 1940
1988 1939
1987 1938
1986 1937
1985 1936
1984 1935
1983 1934
1982 1933
1981 1932
1980 1931
1979 1930
1978 1929
1977 1928
1976 1927
1975 1926
1974 1925
1973 1924
1972 1923
1971 1922
1970 1921
1969 1920
1968 1919
1967 1918
1966 1917
1965 1916
1964 1915
1963 1914
1962 1913
1961 1912
1960 1911
1959 1910
1958 1909
1957 1908
1956 1907
1955 1906
1954 1905
1953 1904
1952 1903
1951 1902
1950 1901
1949 1900
1948 1899
1947 1898
1946 1897
1945 1896
1944 1895
1943 1894
1942 1893
1941 1892
1940 1891
1939 1890
1938 1889
1937 1888
1936 1887
1935 1886
1934 1885
1933 1884
1932 1883
1931 1882
1930 1881
1929 1880
1928 1879
1927 1878
1926 1877
1925 1876
1924 1875
1923 1874
1922 1873
1921 1872
1920 1871
1919 1870
1918 1869
1917 1868
1916 1867
1915 1866
1914 1865
1913 1864
1912 1863
1911 1862
1910 1861
1909 1860
1908 1859
1907 1858
1906 1857
1905 1856
1904 1855
1903 1854
1902 1853
1901 1852
1900 1851
1899 1850
1898 1849
1897 1848
1896 1847
1895 1846
1894 1845
1893 1844
1892 1843
1891 1842
1890 1841
1889 1840
1888 1839
1887 1838
1886 1837
1885 1836
1884 1835
1883 1834
1882 1833
1881 1832
1880 1831
1879 1830
1878 1829
1877 1828
1876 1827
1875 1826
1874 1825
1873 1824
1872 1823
1871 1822
1870 1821
1869 1820
1868 1819
1867 1818
1866 1817
1865 1816
1864 1815
1863 1814
1862 1813
1861 1812
1860 1811
1859 1810
1858 1809
1857 1808
1856 1807
1855 1806
1854 1805
1853 1804
1852 1803
1851 1802
1850 1801
1849 1800
1848 1799
1847 1798
1846 1797
1845 1796
1844 1795
1843 1794
1842 1793
1841 1792
1840 1791
1839 1790
1838 1789
1837 1788
1836 1787
1835 1786
1834 1785
1833 1784
1832 1783
1831 1782
1830 1781
1829 1780
1828 1779
1827 1778
1826 1777
1825 1776
1824 1775
1823 1774
1822 1773
1821 1772
1820 1771
1819 1770
1818 1769
1817 1768
1816 1767
1815 1766
1814 1765
1813 1764
1812 1763
1811 1762
1810 1761
1809 1760
1808 1759
1807 1758
1806 1757
1805 1756
1804 1755
1803 1754
1802 1753
1801 1752
1800 1751
1799 1750
1798 1749
1797 1748
1796 1747
1795 1746
1794 1745
1793 1744
1792 1743
1791 1742
1790 1741
1789 1740
1788 1739
1787 1738
1786 1737
1785 1736
1784 1735
1783 1734
1782 1733
1781 1732
1780 1731
1779 1730
1778 1729
1777 1728
1776 1727
1775 1726
1774 1725
1773 1724
1772 1723
1771 1722
1770 1721
1769 1720
1768 1719
1767 1718
1766 1717
1765 1716
1764 1715
1763 1714
1762 1713
1761 1712
1760 1711
1759 1710
1758 1709
1757 1708
1756 1707
1755 1706
1754 1705
1753 1704
1752 1703
1751 1702
1750 1701
1749 1700
1748 1699
1747 1698
1746 1697
1745 1696
1744 1695
1743 1694
1742 1693
1741 1692
1740 1691
1739 1690
1738 1689
1737 1688
1736 1687
1735 1686
1734 1685
1733 1684
1732 1683
1731 1682
1730 1681
1729 1680
1728 1679
1727 1678
1726 1677
1725 1676
1724 1675
1723 1674
1722 1673
1721 1672
1720 1671
1719 1670
1718 1669
1717 1668
1716 1667
1715 1666
1714 1665
1713 1664
1712 1663
1711 1662
1710 1661
1709 1660
1708 1659
1707 1658
1706 1657
1705 1656
1704 1655
1703 1654
1702 1653
1701 1652
1700 1651
1699 1650
1698 1649
1697 1648
1696 1647
1695 1646
1694 1645
1693 1644
1692 1643
1691 1642
1690 1641
1689 1640
1688 1639
1687 1638
1686 1637
1685 1636
1684 1635
1683 1634
1682 1633
1681 1632
1680 1631
1679 1630
1678 1629
1677 1628
1676 1627
1675 1626
1674 1625
1673 1624
1672 1623
1671 1622
1670 1621
1669 1620
1668 1619
1667 1618
1666 1617
1665 1616
1664 1615
1663 1614
1662 1613
1661 1612
1660 1611
1659 1610
1658 1609
1657 1608
1656 1607
1655 1606
1654 1605
1653 1604
1652 1603
1651 1602
1650 1601
1649 1600
1648 1599
1647 1598
1646 1597
1645 1596
1644 1595
1643 1594
1642 1593
1641 1592
1640 1591
1639 1590
1638 1589
1637 1588
1636 1587
1635 1586
1634 1585
1633 1584
1632 1583
1631 1582
1630 1581
1629 1580
1628 1579
1627 1578
1626 1577
1625 1576
1624 1575
1623 1574
1622 1573
1621 1572
1620 1571
1619 1570
1618 1569
1617 1568
1616 1567
1615 1566
1614 1565
1613 1564
1612 1563
1611 1562
1610 1561
1609 1560
1608 1559
1607 1558
1606 1557
1605 1556
1604 1555
1603 1554
1602 1553
1601 1552
1600 1551
1599 1550
1598 1549
1597 1548
1596 1547
1595 1546
1594 1545
1593 1544
1592 1543
1591 1542
1590 1541
1589 1540
1588 1539
1587 1538
1586 1537
1585 1536
1584 1535
1583 1534
1582 1533
1581 1532
1580 1531
1579 1530
1578 1529
1577 1528
1576 1527
1575 1526
1574 1525
1573 1524
1572 1523
1571 1522
1570 1521
1569 1520
1568 1519
1567 1518
1566 1517
1565 1516
1564 1515
1563 1514
1562 1513
1561 1512
1560 1511
1559 1510
1558 1509
1557 1508
1556 1507
1555 1506
1554 1505
1553 1504
1552 1503
1551 1502
1550 1501
1549 1500
1548 1499
1547 1498
1546 1497
1545 1496
1544 1495
1543 1494
1542 1493
1541 1492
1540 1491
1539 1490
1538 1489
1537 1488
1536 1487
1535 1486
1534 1485
1533 1484
1532 1483
1531 1482
1530 1481
1529 1480
1528 1479
1527 1478
1526 1477
1525 1476
1524 1475
1523 1474
1522 1473
1521 1472
1520 1471
1519 1470
1518 1469
1517 1468
1516 1467
1515 1466
1514 1465
1513 1464
1512 1463
1511 1462
1510 1461
1509 1460
1508 1459
1507 1458
1506 1457
1505 1456
1504 1455
1503 1454
1502 1453
1501 1452
1500 1451
1499 1450
1498 1449
1497 1448
1496 1447
1495 1446
1494 1445
1493 1444
1492 1443
1491 1442
1490 1441
1489 1440
1488 1439
1487 1438
1486 1437
1485 1436
1484 1435
1483 1434
1482 1433
1481 1432
1480 1431
1479 1430
1478 1429
1477 1428
1476 1427
1475 1426
1474 1425
1473 1424
1472 1423
1471 1422
1470 1421
1469 1420
1468 1419
1467 1418
1466 1417
1465 1416
1464 1415
1463 1414
1462 1413
1461 1412
1460 1411
1459 1410
1458 1409
1457 1408
1456 1407
1455 1406
1454 1405
1453 1404
1452 1403
1451 1402
1450 1401
1449 1400
1448 1399
1447 1398
1446 1397
1445 1396
1444 1395
1443 1394
1442 1393
1441 1392
1440 1391
1439 1390
1438 1389
1437 1388
1436 1387
1435 1386
1434 1385
1433 1384
1432 1383
1431 1382
1430 1381
1429 1380
1428 1379
1427 1378
1426 1377
1425 1376
1424 1375
1423 1374
1422 1373
1421 1372
1420 1371
1419 1370
1418 1369
1417 1368
1416 1367
1415 1366
1414 1365
1413 1364
1412 1363
1411 1362
1410 1361
1409 1360
1408 1359
1407 1358
1406 1357
1405 1356
1404 1355
1403 1354
1402 1353
1401 1352
1400 1351
1399 1350
1398 1349
1397 1348
1396 1347
1395 1346
1394 1345
1393 1344
1392 1343
1391 1342
1390 1341
1389 1340
1388 1339
1387 1338
1386 1337
1385 1336
1384 1335
1383 1334
1382 1333
1381 1332
1380 1331
1379 1330
1378 1329
1377 1328
1376 1327
1375 1326
1374 1325
1373 1324
1372 1323
1371 1322
1370 1321
1369 1320
1368 1319
1367 1318
1366 1317
1365 1316
1364 1315
1363 1314
1362 1313
1361 1312
1360 1311
1359 1310
1358 1309
1357 1308
1356 1307
1355 1306
1354 1305
1353 1304
1352 1303
1351 1302
1350 1301
1349 1300
1348 1299
1347 1298
1346 1297
1345 1296
1344 1295
1343 1294
1342 1293
1341 1292
1340 1291
1339 1290
1338 1289
1337 1288
1336 1287
1335 1286
1334 1285
1333 1284
1332 1283
1331 1282
1330 1281
1329 1280
1328 1279
1327 1278
1326 1277
1325 1276
1324 1275
1323 1274
1322 1273
1321 1272
1320 1271
1319 1270
1318 1269
1317 1268
1316 1267
1315 1266
1314 1265
1313 1264
1312 1263
1311 1262
1310 1261
1309 1260
1308 1259
1307 1258
1306 1257
1305 1256
1304 1255
1303 1254
1302 1253
1301 1252
1300 1251
1299 1250
1298 1249
1297 1248
1296 1247
1295 1246
1294 1245
1293 1244
1292 1243
1291 1242
1290 1241
1289 1240
1288 1239
1287 1238
1286 1237
1285 1236
1284 1235
1283 1234
1282 1233
1281 1232
1280 1231
1279 1230
1278 1229
1277 1228
1276 1227
1275 1226
1274 1225
1273 1224
1272 1223
1271 1222
1270 1221
1269 1220
1268 1219
1267 1218
1266 1217
1265 1216
1264 1215
1263 1214
1262 1213
1261 1212
1260 1211
1259 1210
1258 1209
1257 1208
1256 1207
1255 1206
1254 1205
1253 1204
1252 1203
1251 1202
1250 1201
1249 1200
1248 1199
1247 1198
1246 1197
1245 1196
1244 1195
1243 1194
1242 1193
1241 1192
1240 1191
1239 1190
1238 1189
1237 1188
1236 1187
1235 1186
1234 1185
1233 1184
1232 1183
1231 1182
1230 1181
1229 1180
1228 1179
1227 1178
1226 1177
1225 1176
1224 1175
1223 1174
1222 1173
1221 1172
1220 1171
1219 1170
1218 1169
1217 1168
1216 1167
1215 1166
1214 1165
1213 1164
1212 1163
1211 1162
1210 1161
1209 1160
1208 1159
1207 1158
1206 1157
1205 1156
1204 1155
1203 1154
1202 1153
1201 1152
1200 1151
1199 1150
1198 1149
1197 1148
1196 1147
1195 1146
1194 1145
1193 1144
1192 1143
1191 1142
1190 1141
1189 1140
1188 1139
1187 1138
1186 1137
1185 1136
1184 1135
1183 1134
1182 1133
1181 1132
1180 1131
1179 1130
1178 1129
1177 1128
1176 1127
1175 1126
1174 1125
1173 1124
1172 1123
1171 1122
1170 1121
1169 1120
1168 1119
1167 1118
1166 1117
1165 1116
1164 1115
1163 1114
1162 1113
1161 1112
1160 1111
1159 1110
1158 1109
1157 1108
1156 1107
1155 1106
1154 1105
1153 1104
1152 1103
1151 1102
1150 1101
1149 1100
1148 1099
1147 1098
1146 1097
1145 1096
1144 1095
1143 1094
1142 1093
1141 1092
1140 1091
1139 1090
1138 1089
1137 1088
1136 1087
1135 1086
1134 1085
1133 1084
1132 1083
1131 1082
1130 1081
1129 1080
1128 1079
1127 1078
1126 1077
1125 1076
1124 1075
1123 1074
1122 1073
1121 1072
1120 1071
1119 1070
1118 1069
1117 1068
1116 1067
1115 1066
1114 1065
1113 1064
1112 1063
1111 1062
1110 1061
1109 1060
1108 1059
1107 1058
1106 1057
1105 1056
1104 1055
1103 1054
1102 1053
1101 1052
1100 1051
1099 1050
1098 1049
1097 1048
1096 1047
1095 1046
1094 1045
1093 1044
1092 1043
1091 1042
1090 1041
1089 1040
1088 1039
1087 1038
1086 1037
1085 1036
1084 1035
1083 1034
1082 1033
1081 1032
1080 1031
1079 1030
1078 1029
1077 1028
1076 1027
1075 1026
1074 1025
1073 1024
1072 1023
1071 1022
1070 1021
1069 1020
1068 1019
1067 1018
1066 1017
1065 1016
1064 1015
1063 1014
1062 1013
1061 1012
1060 1011
1059 1010
1058 1009
1057 1008
1056 1007
1055 1006
1054 1005
1053 1004
1052 1003
1051 1002
1050 1001
1049 1000
1048 999
1047 998
1046 997
1045 996
1044 995
1043 994
1042 993
1041 992
1040 991
1039 990
1038 989
1037 988
1036 987
1035 986
1034 985
1033 984
1032 983
1031 982
1030 981
1029 980
1028 979
1027 978
1026 977
1025 976
1024 975
1023 974
1022 973
1021 972
1020 971
1019 970
1018 969
1017 968
1016 967
1015 966
1014 965
1013 964
1012 963
1011 962
1010 961
1009 960
1008 959
1007 958
1006 957
1005 956
1004 955
1003 954
1002 953
1001 952
1000 951
999 950
998 949
997 948
996 947
995 946
994 945
993 944
992 943
991 942
990 941
989 940
988 939
987 938
986 937
985 936
984 935
983 934
982 933
981 932
980 931
979 930
978 929
977 928
976 927
975 926
974 925
973 924
972 923
971 922
970 921
969 920
968 919
967 918
966 917
965 916
964 915
963 914
962 913
961 912
960 911
959 910
958 909
957 908
956 907
955 906
954 905
953 904
952 903
951 902
950 901
949 900
948 899
947 898
946 897
945 896
944 895
943 894
942 893
941 892
940 891
939 890
938 889
937 888
936 887
935 886
934 885
933 884
932 883
931 882
930 881
929 880
928 879
927 878
926 877
925 876
924 875
923 874
922 873
921 872
920 871
919 870
918 869
917 868
916 867
915 866
914 865
913 864
912 863
911 862
910 861
909 860
908 859
907 858
906 857
905 856
904 855
903 854
902 853
901 852
900 851
899 850
898 849
897 848
896 847
895 846
894 845
893 844
892 843
891 842
890 841
889 840
888 839
887 838
886 837
885 836
884 835
883 834
882 833
881 832
880 831
879 830
878 829
877 828
876 827
875 826
874 825
873 824
872 823
871 822
870 821
869 820
868 819
867 818
866 817
865 816
864 815
863 814
862 813
861 812
860 811
859 810
858 809
857 808
856 807
855 806
854 805
853 804
852 803
851 802
850 801
849 800
848 799
847 798
846 797
845 796
844 795
843 794
842 793
841 792
840 791
839 790
838 789
837 788
836 787
835 786
834 785
833 784
832 783
831 782
830 781
829 780
828 779
827 778
826 777
825 776
824 775
823 774
822 773
821 772
820 771
819 770
818 769
817 768
816 767
815 766
814 765
813 764
812 763
811 762
810 761
809 760
808 759
807 758
806 757
805 756
804 755
803 754
802 753
801 752
800 751
799 750
798 749
797 748
796 747
795 746
794 745
793 744
792 743
791 742
790 741
789 740
788 739
787 738
786 737
785 736
784 735
783 734
782 733
781 732
780 731
779 730
778 729
777 728
776 727
775 726
774 725
773 724
772 723
771 722
770 721
769 720
768 719
767 718
766 717
765 716
764 715
763 714
762 713
761 712
760 711
759 710
758 709
757 708
756 707
755 706
754 705
753 704
752 703
751 702
750 701
749 700
748 699
747 698
746 697
745 696
744 695
743 694
742 693
741 692
740 691
739 690
738 689
737 688
736 687
735 686
734 685
733 684
732 683
731 682
730 681
729 680
728 679
727 678
726 677
725 676
724 675
723 674
722 673
721 672
720 671
719 670
718 669
717 668
716 667
715 666
714 665
713 664
712 663
711 662
710 661
709 660
708 659
707 658
706 657
705 656
704 655
703 654
702 653
701 652
700 651
699 650
698 649
697 648
696 647
695 646
694 645
693 644
692 643
691 642
690 641
689 640
688 639
687 638
686 637
685 636
684 635
683 634
682 633
681 632
680 631
679 630
678 629
677 628
676 627
675 626
674 625
673 624
672 623
671 622
670 621
669 620
668 619
667 618
666 617
665 616
664 615
663 614
662 613
661 612
660 611
659 610
658 609
657 608
656 607
655 606
654 605
653 604
652 603
651 602
650 601
649 600
648 599
647 598
646 597
645 596
644 595
643 594
642 593
641 592
640 591
639 590
638 589
637 588
636 587
635 586
634 585
633 584
632 583
631 582
630 581
629 580
628 579
627 578
626 577
625 576
624 575
623 574
622 573
621 572
620 571
619 570
618 569
617 568
616 567
615 566
614 565
613 564
612 563
611 562
610 561
609 560
608 559
607 558
606 557
605 556
604 555
603 554
602 553
601 552
600 551
599 550
598 549
597 548
596 547
595 546
594 545
593 544
592 543
591 542
590 541
589 540
588 539
587 538
586 537
585 536
584 535
583 534
582 533
581 532
580 531
579 530
578 529
577 528
576 527
575 526
574 525
573 524
572 523
571 522
570 521
569 520
568 519
567 518
566 517
565 516
564 515
563 514
562 513
561 512
560 511
559 510
558 509
557 508
556 507
555 506
554 505
553 504
552 503
551 502
550 501
549 500
548 499
547 498
546 497
545 496
544 495
543 494
542 493
541 492
540 491
539 490
538 489
537 488
536 487
535 486
534 485
533 484
532 483
531 482
530 481
529 480
528 479
527 478
526 477
525 476
524 475
523 474
522 473
521 472
520 471
519 470
518 469
517 468
516 467
515 466
514 465
513 464
512 463
511 462
510 461
509 460
508 459
507 458
506 457
505 456
504 455
503 454
502 453
501 452
500 451
499 450
498 449
497 448
496 447
495 446
494 445
493 444
492 443
491 442
490 441
489 440
488 439
487 438
486 437
485 436
484 435
483 434
482 433
481 432
480 431
479 430
478 429
477 428
476 427
475 426
474 425
473 424
472 423
471 422
470 421
469 420
468 419
467 418
466 417
465 416
464 415
463 414
462 413
461 412
460 411
459 410
458 409
457 408
456 407
455 406
454 405
453 404
452 403
451 402
450 401
449 400
448 399
447 398
446 397
445 396
444 395
443 394
442 393
441 392
440 391
439 390
438 389
437 388
436 387
435 386
434 385
433 384
432 383
431 382
430 381
429 380
428 379
427 378
426 377
425 376
424 375
423 374
422 373
421 372
420 371
419 370
418 369
417 368
416 367
415 366
414 365
413 364
412 363
411 362
410 361
409 360
408 359
407 358
406 357
405 356
404 355
403 354
402 353
401 352
400 351
399 350
398 349
397 348
396 347
395 346
394 345
393 344
392 343
391 342
390 341
389 340
388 339
387 338
386 337
385 336
384 335
383 334
382 333
381 332
380 331
379 330
378 329
377 328
376 327
375 326
374 325
373 324
372 323
371 322
370 321
369 320
368 319
367 318
366 317
365 316
364 315
363 314
362 313
361 312
360 311
359 310
358 309
357 308
356 307
355 306
354 305
353 304
352 303
351 302
350 301
349 300
348 299
347 298
346 297
345 296
344 295
343 294
342 293
341 292
340 291
339 290
338 289
337 288
336 287
335 286
334 285
333 284
332 283
331 282
330 281
329 280
328 279
327 278
326 277
325 276
324 275
323 274
322 273
321 272
320 271
319 270
318 269
317 268
316 267
315 266
314 265
313 264
312 263
311 262
310 261
309 260
308 259
307 258
306 257
305 256
304 255
303 254
302 253
301 252
300 251
299 250
298 249
297 248
296 247
295 246
294 245
293 244
292 243
291 242
290 241
289 240
288 239
287 238
286 237
285 236
284 235
283 234
282 233
281 232
280 231
279 230
278 229
277 228
276 227
275 226
274 225
273 224
272 223
271 222
270 221
269 220
268 219
267 218
266 217
265 216
264 215
263 214
262 213
261 212
260 211
259 210
258 209
257 208
256 207
255 206
254 205
253 204
252 203
251 202
250 201
249 200
248 199
247 198
246 197
245 196
244 195
243 194
242 193
241 192
240 191
239 190
238 189
237 188
236 187
235 186
234 185
233 184
232 183
231 182
230 181
229 180
228 179
227 178
226 177
225 176
224 175
223 174
222 173
221 172
220 171
219 170
218 169
217 168
216 167
215 166
214 165
213 164
212 163
211 162
210 161
209 160
208 159
207 158
206 157
205 156
204 155
203 154
202 153
201 152
200 151
199 150
198 149
197 148
196 147
195 146
194 145
193 144
192 143
191 142
190 141
189 140
188 139
187 138
186 137
185 136
184 135
183 134
182 133
181 132
180 131
179 130
178 129
177 128
176 127
175 126
174 125
173 124
172 123
171 122
170 121
169 120
168 119
167 118
166 117
165 116
164 115
163 114
162 113
161 112
160 111
159 110
158 109
157 108
156 107
155 106
154 105
153 104
152 103
151 102
150 101
149 100
148 99
147 98
146 97
145 96
144 95
143 94
142 93
141 92
140 91
139 90
138 89
137 88
136 87
135 86
134 85
133 84
132 83
131 82
130 81
129 80
128 79
127 78
126 77
125 76
124 75
123 74
122 73
121 72
120 71
119 70
118 69
117 68
116 67
115 66
114 65
113 64
112 63
111 62
110 61
109 60
108 59
107 58
106 57
105 56
104 55
103 54
102 53
101 52
100 51
99 50
98 49
97 48
96 47
95 46
94 45
93 44
92 43
91 42
90 41
89 40
88 39
87 38
86 37
85 36
84 35
83 34
82 33
81 32
80 31
79 30
78 29
77 28
76 27
75 26
74 25
73 24
72 23
71 22
70 21
69 20
68 19
67 18
66 17
65 16
64 15
63 14
62 13
61 12
60 11
59 10
58 9
57 8
56 7
55 6
54 5
53 4
52 3
51 2
50 1
49 1
48 1
47 2
46 3
45 4
44 5
43 6
42 7
41 8
40 9
39 10
38 11
37 12
36 13
35 14
34 15
33 16
32 17
31 18
30 19
29 20
28 21
27 22
26 23
25 24
24 25
23 26
22 27
21 28
20 29
19 30
18 31
17 32
16 33
15 34
14 35
13 36
12 37
11 38
10 39
9 40
8 41
7 42
6 43
5 44
4 45
3 46
2 47
1 48
