50
625
625 576
624 575
623 574
622 573
621 572
620 571
619 570
618 569
617 568
616 567
615 566
614 565
613 564
612 563
611 562
610 561
609 560
608 559
607 558
606 557
605 556
604 555
603 554
602 553
601 552
600 551
599 550
598 549
597 548
596 547
595 546
594 545
593 544
592 543
591 542
590 541
589 540
588 539
587 538
586 537
585 536
584 535
583 534
582 533
581 532
580 531
579 530
578 529
577 528
576 527
575 526
574 525
573 524
572 523
571 522
570 521
569 520
568 519
567 518
566 517
565 516
564 515
563 514
562 513
561 512
560 511
559 510
558 509
557 508
556 507
555 506
554 505
553 504
552 503
551 502
550 501
549 500
548 499
547 498
546 497
545 496
544 495
543 494
542 493
541 492
540 491
539 490
538 489
537 488
536 487
535 486
534 485
533 484
532 483
531 482
530 481
529 480
528 479
527 478
526 477
525 476
524 475
523 474
522 473
521 472
520 471
519 470
518 469
517 468
516 467
515 466
514 465
513 464
512 463
511 462
510 461
509 460
508 459
507 458
506 457
505 456
504 455
503 454
502 453
501 452
500 451
499 450
498 449
497 448
496 447
495 446
494 445
493 444
492 443
491 442
490 441
489 440
488 439
487 438
486 437
485 436
484 435
483 434
482 433
481 432
480 431
479 430
478 429
477 428
476 427
475 426
474 425
473 424
472 423
471 422
470 421
469 420
468 419
467 418
466 417
465 416
464 415
463 414
462 413
461 412
460 411
459 410
458 409
457 408
456 407
455 406
454 405
453 404
452 403
451 402
450 401
449 400
448 399
447 398
446 397
445 396
444 395
443 394
442 393
441 392
440 391
439 390
438 389
437 388
436 387
435 386
434 385
433 384
432 383
431 382
430 381
429 380
428 379
427 378
426 377
425 376
424 375
423 374
422 373
421 372
420 371
419 370
418 369
417 368
416 367
415 366
414 365
413 364
412 363
411 362
410 361
409 360
408 359
407 358
406 357
405 356
404 355
403 354
402 353
401 352
400 351
399 350
398 349
397 348
396 347
395 346
394 345
393 344
392 343
391 342
390 341
389 340
388 339
387 338
386 337
385 336
384 335
383 334
382 333
381 332
380 331
379 330
378 329
377 328
376 327
375 326
374 325
373 324
372 323
371 322
370 321
369 320
368 319
367 318
366 317
365 316
364 315
363 314
362 313
361 312
360 311
359 310
358 309
357 308
356 307
355 306
354 305
353 304
352 303
351 302
350 301
349 300
348 299
347 298
346 297
345 296
344 295
343 294
342 293
341 292
340 291
339 290
338 289
337 288
336 287
335 286
334 285
333 284
332 283
331 282
330 281
329 280
328 279
327 278
326 277
325 276
324 275
323 274
322 273
321 272
320 271
319 270
318 269
317 268
316 267
315 266
314 265
313 264
312 263
311 262
310 261
309 260
308 259
307 258
306 257
305 256
304 255
303 254
302 253
301 252
300 251
299 250
298 249
297 248
296 247
295 246
294 245
293 244
292 243
291 242
290 241
289 240
288 239
287 238
286 237
285 236
284 235
283 234
282 233
281 232
280 231
279 230
278 229
277 228
276 227
275 226
274 225
273 224
272 223
271 222
270 221
269 220
268 219
267 218
266 217
265 216
264 215
263 214
262 213
261 212
260 211
259 210
258 209
257 208
256 207
255 206
254 205
253 204
252 203
251 202
250 201
249 200
248 199
247 198
246 197
245 196
244 195
243 194
242 193
241 192
240 191
239 190
238 189
237 188
236 187
235 186
234 185
233 184
232 183
231 182
230 181
229 180
228 179
227 178
226 177
225 176
224 175
223 174
222 173
221 172
220 171
219 170
218 169
217 168
216 167
215 166
214 165
213 164
212 163
211 162
210 161
209 160
208 159
207 158
206 157
205 156
204 155
203 154
202 153
201 152
200 151
199 150
198 149
197 148
196 147
195 146
194 145
193 144
192 143
191 142
190 141
189 140
188 139
187 138
186 137
185 136
184 135
183 134
182 133
181 132
180 131
179 130
178 129
177 128
176 127
175 126
174 125
173 124
172 123
171 122
170 121
169 120
168 119
167 118
166 117
165 116
164 115
163 114
162 113
161 112
160 111
159 110
158 109
157 108
156 107
155 106
154 105
153 104
152 103
151 102
150 101
149 100
148 99
147 98
146 97
145 96
144 95
143 94
142 93
141 92
140 91
139 90
138 89
137 88
136 87
135 86
134 85
133 84
132 83
131 82
130 81
129 80
128 79
127 78
126 77
125 76
124 75
123 74
122 73
121 72
120 71
119 70
118 69
117 68
116 67
115 66
114 65
113 64
112 63
111 62
110 61
109 60
108 59
107 58
106 57
105 56
104 55
103 54
102 53
101 52
100 51
99 50
98 49
97 48
96 47
95 46
94 45
93 44
92 43
91 42
90 41
89 40
88 39
87 38
86 37
85 36
84 35
83 34
82 33
81 32
80 31
79 30
78 29
77 28
76 27
75 26
74 25
73 24
72 23
71 22
70 21
69 20
68 19
67 18
66 17
65 16
64 15
63 14
62 13
61 12
60 11
59 10
58 9
57 8
56 7
55 6
54 5
53 4
52 3
51 2
50 1
49 1
48 1
47 2
46 3
45 4
44 5
43 6
42 7
41 8
40 9
39 10
38 11
37 12
36 13
35 14
34 15
33 16
32 17
31 18
30 19
29 20
28 21
27 22
26 23
25 24
24 25
23 26
22 27
21 28
20 29
19 30
18 31
17 32
16 33
15 34
14 35
13 36
12 37
11 38
10 39
9 40
8 41
7 42
6 43
5 44
4 45
3 46
2 47
1 48
