75
1406
1406 1332
1405 1331
1404 1330
1403 1329
1402 1328
1401 1327
1400 1326
1399 1325
1398 1324
1397 1323
1396 1322
1395 1321
1394 1320
1393 1319
1392 1318
1391 1317
1390 1316
1389 1315
1388 1314
1387 1313
1386 1312
1385 1311
1384 1310
1383 1309
1382 1308
1381 1307
1380 1306
1379 1305
1378 1304
1377 1303
1376 1302
1375 1301
1374 1300
1373 1299
1372 1298
1371 1297
1370 1296
1369 1295
1368 1294
1367 1293
1366 1292
1365 1291
1364 1290
1363 1289
1362 1288
1361 1287
1360 1286
1359 1285
1358 1284
1357 1283
1356 1282
1355 1281
1354 1280
1353 1279
1352 1278
1351 1277
1350 1276
1349 1275
1348 1274
1347 1273
1346 1272
1345 1271
1344 1270
1343 1269
1342 1268
1341 1267
1340 1266
1339 1265
1338 1264
1337 1263
1336 1262
1335 1261
1334 1260
1333 1259
1332 1258
1331 1257
1330 1256
1329 1255
1328 1254
1327 1253
1326 1252
1325 1251
1324 1250
1323 1249
1322 1248
1321 1247
1320 1246
1319 1245
1318 1244
1317 1243
1316 1242
1315 1241
1314 1240
1313 1239
1312 1238
1311 1237
1310 1236
1309 1235
1308 1234
1307 1233
1306 1232
1305 1231
1304 1230
1303 1229
1302 1228
1301 1227
1300 1226
1299 1225
1298 1224
1297 1223
1296 1222
1295 1221
1294 1220
1293 1219
1292 1218
1291 1217
1290 1216
1289 1215
1288 1214
1287 1213
1286 1212
1285 1211
1284 1210
1283 1209
1282 1208
1281 1207
1280 1206
1279 1205
1278 1204
1277 1203
1276 1202
1275 1201
1274 1200
1273 1199
1272 1198
1271 1197
1270 1196
1269 1195
1268 1194
1267 1193
1266 1192
1265 1191
1264 1190
1263 1189
1262 1188
1261 1187
1260 1186
1259 1185
1258 1184
1257 1183
1256 1182
1255 1181
1254 1180
1253 1179
1252 1178
1251 1177
1250 1176
1249 1175
1248 1174
1247 1173
1246 1172
1245 1171
1244 1170
1243 1169
1242 1168
1241 1167
1240 1166
1239 1165
1238 1164
1237 1163
1236 1162
1235 1161
1234 1160
1233 1159
1232 1158
1231 1157
1230 1156
1229 1155
1228 1154
1227 1153
1226 1152
1225 1151
1224 1150
1223 1149
1222 1148
1221 1147
1220 1146
1219 1145
1218 1144
1217 1143
1216 1142
1215 1141
1214 1140
1213 1139
1212 1138
1211 1137
1210 1136
1209 1135
1208 1134
1207 1133
1206 1132
1205 1131
1204 1130
1203 1129
1202 1128
1201 1127
1200 1126
1199 1125
1198 1124
1197 1123
1196 1122
1195 1121
1194 1120
1193 1119
1192 1118
1191 1117
1190 1116
1189 1115
1188 1114
1187 1113
1186 1112
1185 1111
1184 1110
1183 1109
1182 1108
1181 1107
1180 1106
1179 1105
1178 1104
1177 1103
1176 1102
1175 1101
1174 1100
1173 1099
1172 1098
1171 1097
1170 1096
1169 1095
1168 1094
1167 1093
1166 1092
1165 1091
1164 1090
1163 1089
1162 1088
1161 1087
1160 1086
1159 1085
1158 1084
1157 1083
1156 1082
1155 1081
1154 1080
1153 1079
1152 1078
1151 1077
1150 1076
1149 1075
1148 1074
1147 1073
1146 1072
1145 1071
1144 1070
1143 1069
1142 1068
1141 1067
1140 1066
1139 1065
1138 1064
1137 1063
1136 1062
1135 1061
1134 1060
1133 1059
1132 1058
1131 1057
1130 1056
1129 1055
1128 1054
1127 1053
1126 1052
1125 1051
1124 1050
1123 1049
1122 1048
1121 1047
1120 1046
1119 1045
1118 1044
1117 1043
1116 1042
1115 1041
1114 1040
1113 1039
1112 1038
1111 1037
1110 1036
1109 1035
1108 1034
1107 1033
1106 1032
1105 1031
1104 1030
1103 1029
1102 1028
1101 1027
1100 1026
1099 1025
1098 1024
1097 1023
1096 1022
1095 1021
1094 1020
1093 1019
1092 1018
1091 1017
1090 1016
1089 1015
1088 1014
1087 1013
1086 1012
1085 1011
1084 1010
1083 1009
1082 1008
1081 1007
1080 1006
1079 1005
1078 1004
1077 1003
1076 1002
1075 1001
1074 1000
1073 999
1072 998
1071 997
1070 996
1069 995
1068 994
1067 993
1066 992
1065 991
1064 990
1063 989
1062 988
1061 987
1060 986
1059 985
1058 984
1057 983
1056 982
1055 981
1054 980
1053 979
1052 978
1051 977
1050 976
1049 975
1048 974
1047 973
1046 972
1045 971
1044 970
1043 969
1042 968
1041 967
1040 966
1039 965
1038 964
1037 963
1036 962
1035 961
1034 960
1033 959
1032 958
1031 957
1030 956
1029 955
1028 954
1027 953
1026 952
1025 951
1024 950
1023 949
1022 948
1021 947
1020 946
1019 945
1018 944
1017 943
1016 942
1015 941
1014 940
1013 939
1012 938
1011 937
1010 936
1009 935
1008 934
1007 933
1006 932
1005 931
1004 930
1003 929
1002 928
1001 927
1000 926
999 925
998 924
997 923
996 922
995 921
994 920
993 919
992 918
991 917
990 916
989 915
988 914
987 913
986 912
985 911
984 910
983 909
982 908
981 907
980 906
979 905
978 904
977 903
976 902
975 901
974 900
973 899
972 898
971 897
970 896
969 895
968 894
967 893
966 892
965 891
964 890
963 889
962 888
961 887
960 886
959 885
958 884
957 883
956 882
955 881
954 880
953 879
952 878
951 877
950 876
949 875
948 874
947 873
946 872
945 871
944 870
943 869
942 868
941 867
940 866
939 865
938 864
937 863
936 862
935 861
934 860
933 859
932 858
931 857
930 856
929 855
928 854
927 853
926 852
925 851
924 850
923 849
922 848
921 847
920 846
919 845
918 844
917 843
916 842
915 841
914 840
913 839
912 838
911 837
910 836
909 835
908 834
907 833
906 832
905 831
904 830
903 829
902 828
901 827
900 826
899 825
898 824
897 823
896 822
895 821
894 820
893 819
892 818
891 817
890 816
889 815
888 814
887 813
886 812
885 811
884 810
883 809
882 808
881 807
880 806
879 805
878 804
877 803
876 802
875 801
874 800
873 799
872 798
871 797
870 796
869 795
868 794
867 793
866 792
865 791
864 790
863 789
862 788
861 787
860 786
859 785
858 784
857 783
856 782
855 781
854 780
853 779
852 778
851 777
850 776
849 775
848 774
847 773
846 772
845 771
844 770
843 769
842 768
841 767
840 766
839 765
838 764
837 763
836 762
835 761
834 760
833 759
832 758
831 757
830 756
829 755
828 754
827 753
826 752
825 751
824 750
823 749
822 748
821 747
820 746
819 745
818 744
817 743
816 742
815 741
814 740
813 739
812 738
811 737
810 736
809 735
808 734
807 733
806 732
805 731
804 730
803 729
802 728
801 727
800 726
799 725
798 724
797 723
796 722
795 721
794 720
793 719
792 718
791 717
790 716
789 715
788 714
787 713
786 712
785 711
784 710
783 709
782 708
781 707
780 706
779 705
778 704
777 703
776 702
775 701
774 700
773 699
772 698
771 697
770 696
769 695
768 694
767 693
766 692
765 691
764 690
763 689
762 688
761 687
760 686
759 685
758 684
757 683
756 682
755 681
754 680
753 679
752 678
751 677
750 676
749 675
748 674
747 673
746 672
745 671
744 670
743 669
742 668
741 667
740 666
739 665
738 664
737 663
736 662
735 661
734 660
733 659
732 658
731 657
730 656
729 655
728 654
727 653
726 652
725 651
724 650
723 649
722 648
721 647
720 646
719 645
718 644
717 643
716 642
715 641
714 640
713 639
712 638
711 637
710 636
709 635
708 634
707 633
706 632
705 631
704 630
703 629
702 628
701 627
700 626
699 625
698 624
697 623
696 622
695 621
694 620
693 619
692 618
691 617
690 616
689 615
688 614
687 613
686 612
685 611
684 610
683 609
682 608
681 607
680 606
679 605
678 604
677 603
676 602
675 601
674 600
673 599
672 598
671 597
670 596
669 595
668 594
667 593
666 592
665 591
664 590
663 589
662 588
661 587
660 586
659 585
658 584
657 583
656 582
655 581
654 580
653 579
652 578
651 577
650 576
649 575
648 574
647 573
646 572
645 571
644 570
643 569
642 568
641 567
640 566
639 565
638 564
637 563
636 562
635 561
634 560
633 559
632 558
631 557
630 556
629 555
628 554
627 553
626 552
625 551
624 550
623 549
622 548
621 547
620 546
619 545
618 544
617 543
616 542
615 541
614 540
613 539
612 538
611 537
610 536
609 535
608 534
607 533
606 532
605 531
604 530
603 529
602 528
601 527
600 526
599 525
598 524
597 523
596 522
595 521
594 520
593 519
592 518
591 517
590 516
589 515
588 514
587 513
586 512
585 511
584 510
583 509
582 508
581 507
580 506
579 505
578 504
577 503
576 502
575 501
574 500
573 499
572 498
571 497
570 496
569 495
568 494
567 493
566 492
565 491
564 490
563 489
562 488
561 487
560 486
559 485
558 484
557 483
556 482
555 481
554 480
553 479
552 478
551 477
550 476
549 475
548 474
547 473
546 472
545 471
544 470
543 469
542 468
541 467
540 466
539 465
538 464
537 463
536 462
535 461
534 460
533 459
532 458
531 457
530 456
529 455
528 454
527 453
526 452
525 451
524 450
523 449
522 448
521 447
520 446
519 445
518 444
517 443
516 442
515 441
514 440
513 439
512 438
511 437
510 436
509 435
508 434
507 433
506 432
505 431
504 430
503 429
502 428
501 427
500 426
499 425
498 424
497 423
496 422
495 421
494 420
493 419
492 418
491 417
490 416
489 415
488 414
487 413
486 412
485 411
484 410
483 409
482 408
481 407
480 406
479 405
478 404
477 403
476 402
475 401
474 400
473 399
472 398
471 397
470 396
469 395
468 394
467 393
466 392
465 391
464 390
463 389
462 388
461 387
460 386
459 385
458 384
457 383
456 382
455 381
454 380
453 379
452 378
451 377
450 376
449 375
448 374
447 373
446 372
445 371
444 370
443 369
442 368
441 367
440 366
439 365
438 364
437 363
436 362
435 361
434 360
433 359
432 358
431 357
430 356
429 355
428 354
427 353
426 352
425 351
424 350
423 349
422 348
421 347
420 346
419 345
418 344
417 343
416 342
415 341
414 340
413 339
412 338
411 337
410 336
409 335
408 334
407 333
406 332
405 331
404 330
403 329
402 328
401 327
400 326
399 325
398 324
397 323
396 322
395 321
394 320
393 319
392 318
391 317
390 316
389 315
388 314
387 313
386 312
385 311
384 310
383 309
382 308
381 307
380 306
379 305
378 304
377 303
376 302
375 301
374 300
373 299
372 298
371 297
370 296
369 295
368 294
367 293
366 292
365 291
364 290
363 289
362 288
361 287
360 286
359 285
358 284
357 283
356 282
355 281
354 280
353 279
352 278
351 277
350 276
349 275
348 274
347 273
346 272
345 271
344 270
343 269
342 268
341 267
340 266
339 265
338 264
337 263
336 262
335 261
334 260
333 259
332 258
331 257
330 256
329 255
328 254
327 253
326 252
325 251
324 250
323 249
322 248
321 247
320 246
319 245
318 244
317 243
316 242
315 241
314 240
313 239
312 238
311 237
310 236
309 235
308 234
307 233
306 232
305 231
304 230
303 229
302 228
301 227
300 226
299 225
298 224
297 223
296 222
295 221
294 220
293 219
292 218
291 217
290 216
289 215
288 214
287 213
286 212
285 211
284 210
283 209
282 208
281 207
280 206
279 205
278 204
277 203
276 202
275 201
274 200
273 199
272 198
271 197
270 196
269 195
268 194
267 193
266 192
265 191
264 190
263 189
262 188
261 187
260 186
259 185
258 184
257 183
256 182
255 181
254 180
253 179
252 178
251 177
250 176
249 175
248 174
247 173
246 172
245 171
244 170
243 169
242 168
241 167
240 166
239 165
238 164
237 163
236 162
235 161
234 160
233 159
232 158
231 157
230 156
229 155
228 154
227 153
226 152
225 151
224 150
223 149
222 148
221 147
220 146
219 145
218 144
217 143
216 142
215 141
214 140
213 139
212 138
211 137
210 136
209 135
208 134
207 133
206 132
205 131
204 130
203 129
202 128
201 127
200 126
199 125
198 124
197 123
196 122
195 121
194 120
193 119
192 118
191 117
190 116
189 115
188 114
187 113
186 112
185 111
184 110
183 109
182 108
181 107
180 106
179 105
178 104
177 103
176 102
175 101
174 100
173 99
172 98
171 97
170 96
169 95
168 94
167 93
166 92
165 91
164 90
163 89
162 88
161 87
160 86
159 85
158 84
157 83
156 82
155 81
154 80
153 79
152 78
151 77
150 76
149 75
148 74
147 73
146 72
145 71
144 70
143 69
142 68
141 67
140 66
139 65
138 64
137 63
136 62
135 61
134 60
133 59
132 58
131 57
130 56
129 55
128 54
127 53
126 52
125 51
124 50
123 49
122 48
121 47
120 46
119 45
118 44
117 43
116 42
115 41
114 40
113 39
112 38
111 37
110 36
109 35
108 34
107 33
106 32
105 31
104 30
103 29
102 28
101 27
100 26
99 25
98 24
97 23
96 22
95 21
94 20
93 19
92 18
91 17
90 16
89 15
88 14
87 13
86 12
85 11
84 10
83 9
82 8
81 7
80 6
79 5
78 4
77 3
76 2
75 1
74 1
73 1
72 2
71 3
70 4
69 5
68 6
67 7
66 8
65 9
64 10
63 11
62 12
61 13
60 14
59 15
58 16
57 17
56 18
55 19
54 20
53 21
52 22
51 23
50 24
49 25
48 26
47 27
46 28
45 29
44 30
43 31
42 32
41 33
40 34
39 35
38 36
37 37
36 38
35 39
34 40
33 41
32 42
31 43
30 44
29 45
28 46
27 47
26 48
25 49
24 50
23 51
22 52
21 53
20 54
19 55
18 56
17 57
16 58
15 59
14 60
13 61
12 62
11 63
10 64
9 65
8 66
7 67
6 68
5 69
4 70
3 71
2 72
1 73
