75
2812
2812 2738
2811 2737
2810 2736
2809 2735
2808 2734
2807 2733
2806 2732
2805 2731
2804 2730
2803 2729
2802 2728
2801 2727
2800 2726
2799 2725
2798 2724
2797 2723
2796 2722
2795 2721
2794 2720
2793 2719
2792 2718
2791 2717
2790 2716
2789 2715
2788 2714
2787 2713
2786 2712
2785 2711
2784 2710
2783 2709
2782 2708
2781 2707
2780 2706
2779 2705
2778 2704
2777 2703
2776 2702
2775 2701
2774 2700
2773 2699
2772 2698
2771 2697
2770 2696
2769 2695
2768 2694
2767 2693
2766 2692
2765 2691
2764 2690
2763 2689
2762 2688
2761 2687
2760 2686
2759 2685
2758 2684
2757 2683
2756 2682
2755 2681
2754 2680
2753 2679
2752 2678
2751 2677
2750 2676
2749 2675
2748 2674
2747 2673
2746 2672
2745 2671
2744 2670
2743 2669
2742 2668
2741 2667
2740 2666
2739 2665
2738 2664
2737 2663
2736 2662
2735 2661
2734 2660
2733 2659
2732 2658
2731 2657
2730 2656
2729 2655
2728 2654
2727 2653
2726 2652
2725 2651
2724 2650
2723 2649
2722 2648
2721 2647
2720 2646
2719 2645
2718 2644
2717 2643
2716 2642
2715 2641
2714 2640
2713 2639
2712 2638
2711 2637
2710 2636
2709 2635
2708 2634
2707 2633
2706 2632
2705 2631
2704 2630
2703 2629
2702 2628
2701 2627
2700 2626
2699 2625
2698 2624
2697 2623
2696 2622
2695 2621
2694 2620
2693 2619
2692 2618
2691 2617
2690 2616
2689 2615
2688 2614
2687 2613
2686 2612
2685 2611
2684 2610
2683 2609
2682 2608
2681 2607
2680 2606
2679 2605
2678 2604
2677 2603
2676 2602
2675 2601
2674 2600
2673 2599
2672 2598
2671 2597
2670 2596
2669 2595
2668 2594
2667 2593
2666 2592
2665 2591
2664 2590
2663 2589
2662 2588
2661 2587
2660 2586
2659 2585
2658 2584
2657 2583
2656 2582
2655 2581
2654 2580
2653 2579
2652 2578
2651 2577
2650 2576
2649 2575
2648 2574
2647 2573
2646 2572
2645 2571
2644 2570
2643 2569
2642 2568
2641 2567
2640 2566
2639 2565
2638 2564
2637 2563
2636 2562
2635 2561
2634 2560
2633 2559
2632 2558
2631 2557
2630 2556
2629 2555
2628 2554
2627 2553
2626 2552
2625 2551
2624 2550
2623 2549
2622 2548
2621 2547
2620 2546
2619 2545
2618 2544
2617 2543
2616 2542
2615 2541
2614 2540
2613 2539
2612 2538
2611 2537
2610 2536
2609 2535
2608 2534
2607 2533
2606 2532
2605 2531
2604 2530
2603 2529
2602 2528
2601 2527
2600 2526
2599 2525
2598 2524
2597 2523
2596 2522
2595 2521
2594 2520
2593 2519
2592 2518
2591 2517
2590 2516
2589 2515
2588 2514
2587 2513
2586 2512
2585 2511
2584 2510
2583 2509
2582 2508
2581 2507
2580 2506
2579 2505
2578 2504
2577 2503
2576 2502
2575 2501
2574 2500
2573 2499
2572 2498
2571 2497
2570 2496
2569 2495
2568 2494
2567 2493
2566 2492
2565 2491
2564 2490
2563 2489
2562 2488
2561 2487
2560 2486
2559 2485
2558 2484
2557 2483
2556 2482
2555 2481
2554 2480
2553 2479
2552 2478
2551 2477
2550 2476
2549 2475
2548 2474
2547 2473
2546 2472
2545 2471
2544 2470
2543 2469
2542 2468
2541 2467
2540 2466
2539 2465
2538 2464
2537 2463
2536 2462
2535 2461
2534 2460
2533 2459
2532 2458
2531 2457
2530 2456
2529 2455
2528 2454
2527 2453
2526 2452
2525 2451
2524 2450
2523 2449
2522 2448
2521 2447
2520 2446
2519 2445
2518 2444
2517 2443
2516 2442
2515 2441
2514 2440
2513 2439
2512 2438
2511 2437
2510 2436
2509 2435
2508 2434
2507 2433
2506 2432
2505 2431
2504 2430
2503 2429
2502 2428
2501 2427
2500 2426
2499 2425
2498 2424
2497 2423
2496 2422
2495 2421
2494 2420
2493 2419
2492 2418
2491 2417
2490 2416
2489 2415
2488 2414
2487 2413
2486 2412
2485 2411
2484 2410
2483 2409
2482 2408
2481 2407
2480 2406
2479 2405
2478 2404
2477 2403
2476 2402
2475 2401
2474 2400
2473 2399
2472 2398
2471 2397
2470 2396
2469 2395
2468 2394
2467 2393
2466 2392
2465 2391
2464 2390
2463 2389
2462 2388
2461 2387
2460 2386
2459 2385
2458 2384
2457 2383
2456 2382
2455 2381
2454 2380
2453 2379
2452 2378
2451 2377
2450 2376
2449 2375
2448 2374
2447 2373
2446 2372
2445 2371
2444 2370
2443 2369
2442 2368
2441 2367
2440 2366
2439 2365
2438 2364
2437 2363
2436 2362
2435 2361
2434 2360
2433 2359
2432 2358
2431 2357
2430 2356
2429 2355
2428 2354
2427 2353
2426 2352
2425 2351
2424 2350
2423 2349
2422 2348
2421 2347
2420 2346
2419 2345
2418 2344
2417 2343
2416 2342
2415 2341
2414 2340
2413 2339
2412 2338
2411 2337
2410 2336
2409 2335
2408 2334
2407 2333
2406 2332
2405 2331
2404 2330
2403 2329
2402 2328
2401 2327
2400 2326
2399 2325
2398 2324
2397 2323
2396 2322
2395 2321
2394 2320
2393 2319
2392 2318
2391 2317
2390 2316
2389 2315
2388 2314
2387 2313
2386 2312
2385 2311
2384 2310
2383 2309
2382 2308
2381 2307
2380 2306
2379 2305
2378 2304
2377 2303
2376 2302
2375 2301
2374 2300
2373 2299
2372 2298
2371 2297
2370 2296
2369 2295
2368 2294
2367 2293
2366 2292
2365 2291
2364 2290
2363 2289
2362 2288
2361 2287
2360 2286
2359 2285
2358 2284
2357 2283
2356 2282
2355 2281
2354 2280
2353 2279
2352 2278
2351 2277
2350 2276
2349 2275
2348 2274
2347 2273
2346 2272
2345 2271
2344 2270
2343 2269
2342 2268
2341 2267
2340 2266
2339 2265
2338 2264
2337 2263
2336 2262
2335 2261
2334 2260
2333 2259
2332 2258
2331 2257
2330 2256
2329 2255
2328 2254
2327 2253
2326 2252
2325 2251
2324 2250
2323 2249
2322 2248
2321 2247
2320 2246
2319 2245
2318 2244
2317 2243
2316 2242
2315 2241
2314 2240
2313 2239
2312 2238
2311 2237
2310 2236
2309 2235
2308 2234
2307 2233
2306 2232
2305 2231
2304 2230
2303 2229
2302 2228
2301 2227
2300 2226
2299 2225
2298 2224
2297 2223
2296 2222
2295 2221
2294 2220
2293 2219
2292 2218
2291 2217
2290 2216
2289 2215
2288 2214
2287 2213
2286 2212
2285 2211
2284 2210
2283 2209
2282 2208
2281 2207
2280 2206
2279 2205
2278 2204
2277 2203
2276 2202
2275 2201
2274 2200
2273 2199
2272 2198
2271 2197
2270 2196
2269 2195
2268 2194
2267 2193
2266 2192
2265 2191
2264 2190
2263 2189
2262 2188
2261 2187
2260 2186
2259 2185
2258 2184
2257 2183
2256 2182
2255 2181
2254 2180
2253 2179
2252 2178
2251 2177
2250 2176
2249 2175
2248 2174
2247 2173
2246 2172
2245 2171
2244 2170
2243 2169
2242 2168
2241 2167
2240 2166
2239 2165
2238 2164
2237 2163
2236 2162
2235 2161
2234 2160
2233 2159
2232 2158
2231 2157
2230 2156
2229 2155
2228 2154
2227 2153
2226 2152
2225 2151
2224 2150
2223 2149
2222 2148
2221 2147
2220 2146
2219 2145
2218 2144
2217 2143
2216 2142
2215 2141
2214 2140
2213 2139
2212 2138
2211 2137
2210 2136
2209 2135
2208 2134
2207 2133
2206 2132
2205 2131
2204 2130
2203 2129
2202 2128
2201 2127
2200 2126
2199 2125
2198 2124
2197 2123
2196 2122
2195 2121
2194 2120
2193 2119
2192 2118
2191 2117
2190 2116
2189 2115
2188 2114
2187 2113
2186 2112
2185 2111
2184 2110
2183 2109
2182 2108
2181 2107
2180 2106
2179 2105
2178 2104
2177 2103
2176 2102
2175 2101
2174 2100
2173 2099
2172 2098
2171 2097
2170 2096
2169 2095
2168 2094
2167 2093
2166 2092
2165 2091
2164 2090
2163 2089
2162 2088
2161 2087
2160 2086
2159 2085
2158 2084
2157 2083
2156 2082
2155 2081
2154 2080
2153 2079
2152 2078
2151 2077
2150 2076
2149 2075
2148 2074
2147 2073
2146 2072
2145 2071
2144 2070
2143 2069
2142 2068
2141 2067
2140 2066
2139 2065
2138 2064
2137 2063
2136 2062
2135 2061
2134 2060
2133 2059
2132 2058
2131 2057
2130 2056
2129 2055
2128 2054
2127 2053
2126 2052
2125 2051
2124 2050
2123 2049
2122 2048
2121 2047
2120 2046
2119 2045
2118 2044
2117 2043
2116 2042
2115 2041
2114 2040
2113 2039
2112 2038
2111 2037
2110 2036
2109 2035
2108 2034
2107 2033
2106 2032
2105 2031
2104 2030
2103 2029
2102 2028
2101 2027
2100 2026
2099 2025
2098 2024
2097 2023
2096 2022
2095 2021
2094 2020
2093 2019
2092 2018
2091 2017
2090 2016
2089 2015
2088 2014
2087 2013
2086 2012
2085 2011
2084 2010
2083 2009
2082 2008
2081 2007
2080 2006
2079 2005
2078 2004
2077 2003
2076 2002
2075 2001
2074 2000
2073 1999
2072 1998
2071 1997
2070 1996
2069 1995
2068 1994
2067 1993
2066 1992
2065 1991
2064 1990
2063 1989
2062 1988
2061 1987
2060 1986
2059 1985
2058 1984
2057 1983
2056 1982
2055 1981
2054 1980
2053 1979
2052 1978
2051 1977
2050 1976
2049 1975
2048 1974
2047 1973
2046 1972
2045 1971
2044 1970
2043 1969
2042 1968
2041 1967
2040 1966
2039 1965
2038 1964
2037 1963
2036 1962
2035 1961
2034 1960
2033 1959
2032 1958
2031 1957
2030 1956
2029 1955
2028 1954
2027 1953
2026 1952
2025 1951
2024 1950
2023 1949
2022 1948
2021 1947
2020 1946
2019 1945
2018 1944
2017 1943
2016 1942
2015 1941
2014 1940
2013 1939
2012 1938
2011 1937
2010 1936
2009 1935
2008 1934
2007 1933
2006 1932
2005 1931
2004 1930
2003 1929
2002 1928
2001 1927
2000 1926
1999 1925
1998 1924
1997 1923
1996 1922
1995 1921
1994 1920
1993 1919
1992 1918
1991 1917
1990 1916
1989 1915
1988 1914
1987 1913
1986 1912
1985 1911
1984 1910
1983 1909
1982 1908
1981 1907
1980 1906
1979 1905
1978 1904
1977 1903
1976 1902
1975 1901
1974 1900
1973 1899
1972 1898
1971 1897
1970 1896
1969 1895
1968 1894
1967 1893
1966 1892
1965 1891
1964 1890
1963 1889
1962 1888
1961 1887
1960 1886
1959 1885
1958 1884
1957 1883
1956 1882
1955 1881
1954 1880
1953 1879
1952 1878
1951 1877
1950 1876
1949 1875
1948 1874
1947 1873
1946 1872
1945 1871
1944 1870
1943 1869
1942 1868
1941 1867
1940 1866
1939 1865
1938 1864
1937 1863
1936 1862
1935 1861
1934 1860
1933 1859
1932 1858
1931 1857
1930 1856
1929 1855
1928 1854
1927 1853
1926 1852
1925 1851
1924 1850
1923 1849
1922 1848
1921 1847
1920 1846
1919 1845
1918 1844
1917 1843
1916 1842
1915 1841
1914 1840
1913 1839
1912 1838
1911 1837
1910 1836
1909 1835
1908 1834
1907 1833
1906 1832
1905 1831
1904 1830
1903 1829
1902 1828
1901 1827
1900 1826
1899 1825
1898 1824
1897 1823
1896 1822
1895 1821
1894 1820
1893 1819
1892 1818
1891 1817
1890 1816
1889 1815
1888 1814
1887 1813
1886 1812
1885 1811
1884 1810
1883 1809
1882 1808
1881 1807
1880 1806
1879 1805
1878 1804
1877 1803
1876 1802
1875 1801
1874 1800
1873 1799
1872 1798
1871 1797
1870 1796
1869 1795
1868 1794
1867 1793
1866 1792
1865 1791
1864 1790
1863 1789
1862 1788
1861 1787
1860 1786
1859 1785
1858 1784
1857 1783
1856 1782
1855 1781
1854 1780
1853 1779
1852 1778
1851 1777
1850 1776
1849 1775
1848 1774
1847 1773
1846 1772
1845 1771
1844 1770
1843 1769
1842 1768
1841 1767
1840 1766
1839 1765
1838 1764
1837 1763
1836 1762
1835 1761
1834 1760
1833 1759
1832 1758
1831 1757
1830 1756
1829 1755
1828 1754
1827 1753
1826 1752
1825 1751
1824 1750
1823 1749
1822 1748
1821 1747
1820 1746
1819 1745
1818 1744
1817 1743
1816 1742
1815 1741
1814 1740
1813 1739
1812 1738
1811 1737
1810 1736
1809 1735
1808 1734
1807 1733
1806 1732
1805 1731
1804 1730
1803 1729
1802 1728
1801 1727
1800 1726
1799 1725
1798 1724
1797 1723
1796 1722
1795 1721
1794 1720
1793 1719
1792 1718
1791 1717
1790 1716
1789 1715
1788 1714
1787 1713
1786 1712
1785 1711
1784 1710
1783 1709
1782 1708
1781 1707
1780 1706
1779 1705
1778 1704
1777 1703
1776 1702
1775 1701
1774 1700
1773 1699
1772 1698
1771 1697
1770 1696
1769 1695
1768 1694
1767 1693
1766 1692
1765 1691
1764 1690
1763 1689
1762 1688
1761 1687
1760 1686
1759 1685
1758 1684
1757 1683
1756 1682
1755 1681
1754 1680
1753 1679
1752 1678
1751 1677
1750 1676
1749 1675
1748 1674
1747 1673
1746 1672
1745 1671
1744 1670
1743 1669
1742 1668
1741 1667
1740 1666
1739 1665
1738 1664
1737 1663
1736 1662
1735 1661
1734 1660
1733 1659
1732 1658
1731 1657
1730 1656
1729 1655
1728 1654
1727 1653
1726 1652
1725 1651
1724 1650
1723 1649
1722 1648
1721 1647
1720 1646
1719 1645
1718 1644
1717 1643
1716 1642
1715 1641
1714 1640
1713 1639
1712 1638
1711 1637
1710 1636
1709 1635
1708 1634
1707 1633
1706 1632
1705 1631
1704 1630
1703 1629
1702 1628
1701 1627
1700 1626
1699 1625
1698 1624
1697 1623
1696 1622
1695 1621
1694 1620
1693 1619
1692 1618
1691 1617
1690 1616
1689 1615
1688 1614
1687 1613
1686 1612
1685 1611
1684 1610
1683 1609
1682 1608
1681 1607
1680 1606
1679 1605
1678 1604
1677 1603
1676 1602
1675 1601
1674 1600
1673 1599
1672 1598
1671 1597
1670 1596
1669 1595
1668 1594
1667 1593
1666 1592
1665 1591
1664 1590
1663 1589
1662 1588
1661 1587
1660 1586
1659 1585
1658 1584
1657 1583
1656 1582
1655 1581
1654 1580
1653 1579
1652 1578
1651 1577
1650 1576
1649 1575
1648 1574
1647 1573
1646 1572
1645 1571
1644 1570
1643 1569
1642 1568
1641 1567
1640 1566
1639 1565
1638 1564
1637 1563
1636 1562
1635 1561
1634 1560
1633 1559
1632 1558
1631 1557
1630 1556
1629 1555
1628 1554
1627 1553
1626 1552
1625 1551
1624 1550
1623 1549
1622 1548
1621 1547
1620 1546
1619 1545
1618 1544
1617 1543
1616 1542
1615 1541
1614 1540
1613 1539
1612 1538
1611 1537
1610 1536
1609 1535
1608 1534
1607 1533
1606 1532
1605 1531
1604 1530
1603 1529
1602 1528
1601 1527
1600 1526
1599 1525
1598 1524
1597 1523
1596 1522
1595 1521
1594 1520
1593 1519
1592 1518
1591 1517
1590 1516
1589 1515
1588 1514
1587 1513
1586 1512
1585 1511
1584 1510
1583 1509
1582 1508
1581 1507
1580 1506
1579 1505
1578 1504
1577 1503
1576 1502
1575 1501
1574 1500
1573 1499
1572 1498
1571 1497
1570 1496
1569 1495
1568 1494
1567 1493
1566 1492
1565 1491
1564 1490
1563 1489
1562 1488
1561 1487
1560 1486
1559 1485
1558 1484
1557 1483
1556 1482
1555 1481
1554 1480
1553 1479
1552 1478
1551 1477
1550 1476
1549 1475
1548 1474
1547 1473
1546 1472
1545 1471
1544 1470
1543 1469
1542 1468
1541 1467
1540 1466
1539 1465
1538 1464
1537 1463
1536 1462
1535 1461
1534 1460
1533 1459
1532 1458
1531 1457
1530 1456
1529 1455
1528 1454
1527 1453
1526 1452
1525 1451
1524 1450
1523 1449
1522 1448
1521 1447
1520 1446
1519 1445
1518 1444
1517 1443
1516 1442
1515 1441
1514 1440
1513 1439
1512 1438
1511 1437
1510 1436
1509 1435
1508 1434
1507 1433
1506 1432
1505 1431
1504 1430
1503 1429
1502 1428
1501 1427
1500 1426
1499 1425
1498 1424
1497 1423
1496 1422
1495 1421
1494 1420
1493 1419
1492 1418
1491 1417
1490 1416
1489 1415
1488 1414
1487 1413
1486 1412
1485 1411
1484 1410
1483 1409
1482 1408
1481 1407
1480 1406
1479 1405
1478 1404
1477 1403
1476 1402
1475 1401
1474 1400
1473 1399
1472 1398
1471 1397
1470 1396
1469 1395
1468 1394
1467 1393
1466 1392
1465 1391
1464 1390
1463 1389
1462 1388
1461 1387
1460 1386
1459 1385
1458 1384
1457 1383
1456 1382
1455 1381
1454 1380
1453 1379
1452 1378
1451 1377
1450 1376
1449 1375
1448 1374
1447 1373
1446 1372
1445 1371
1444 1370
1443 1369
1442 1368
1441 1367
1440 1366
1439 1365
1438 1364
1437 1363
1436 1362
1435 1361
1434 1360
1433 1359
1432 1358
1431 1357
1430 1356
1429 1355
1428 1354
1427 1353
1426 1352
1425 1351
1424 1350
1423 1349
1422 1348
1421 1347
1420 1346
1419 1345
1418 1344
1417 1343
1416 1342
1415 1341
1414 1340
1413 1339
1412 1338
1411 1337
1410 1336
1409 1335
1408 1334
1407 1333
1406 1332
1405 1331
1404 1330
1403 1329
1402 1328
1401 1327
1400 1326
1399 1325
1398 1324
1397 1323
1396 1322
1395 1321
1394 1320
1393 1319
1392 1318
1391 1317
1390 1316
1389 1315
1388 1314
1387 1313
1386 1312
1385 1311
1384 1310
1383 1309
1382 1308
1381 1307
1380 1306
1379 1305
1378 1304
1377 1303
1376 1302
1375 1301
1374 1300
1373 1299
1372 1298
1371 1297
1370 1296
1369 1295
1368 1294
1367 1293
1366 1292
1365 1291
1364 1290
1363 1289
1362 1288
1361 1287
1360 1286
1359 1285
1358 1284
1357 1283
1356 1282
1355 1281
1354 1280
1353 1279
1352 1278
1351 1277
1350 1276
1349 1275
1348 1274
1347 1273
1346 1272
1345 1271
1344 1270
1343 1269
1342 1268
1341 1267
1340 1266
1339 1265
1338 1264
1337 1263
1336 1262
1335 1261
1334 1260
1333 1259
1332 1258
1331 1257
1330 1256
1329 1255
1328 1254
1327 1253
1326 1252
1325 1251
1324 1250
1323 1249
1322 1248
1321 1247
1320 1246
1319 1245
1318 1244
1317 1243
1316 1242
1315 1241
1314 1240
1313 1239
1312 1238
1311 1237
1310 1236
1309 1235
1308 1234
1307 1233
1306 1232
1305 1231
1304 1230
1303 1229
1302 1228
1301 1227
1300 1226
1299 1225
1298 1224
1297 1223
1296 1222
1295 1221
1294 1220
1293 1219
1292 1218
1291 1217
1290 1216
1289 1215
1288 1214
1287 1213
1286 1212
1285 1211
1284 1210
1283 1209
1282 1208
1281 1207
1280 1206
1279 1205
1278 1204
1277 1203
1276 1202
1275 1201
1274 1200
1273 1199
1272 1198
1271 1197
1270 1196
1269 1195
1268 1194
1267 1193
1266 1192
1265 1191
1264 1190
1263 1189
1262 1188
1261 1187
1260 1186
1259 1185
1258 1184
1257 1183
1256 1182
1255 1181
1254 1180
1253 1179
1252 1178
1251 1177
1250 1176
1249 1175
1248 1174
1247 1173
1246 1172
1245 1171
1244 1170
1243 1169
1242 1168
1241 1167
1240 1166
1239 1165
1238 1164
1237 1163
1236 1162
1235 1161
1234 1160
1233 1159
1232 1158
1231 1157
1230 1156
1229 1155
1228 1154
1227 1153
1226 1152
1225 1151
1224 1150
1223 1149
1222 1148
1221 1147
1220 1146
1219 1145
1218 1144
1217 1143
1216 1142
1215 1141
1214 1140
1213 1139
1212 1138
1211 1137
1210 1136
1209 1135
1208 1134
1207 1133
1206 1132
1205 1131
1204 1130
1203 1129
1202 1128
1201 1127
1200 1126
1199 1125
1198 1124
1197 1123
1196 1122
1195 1121
1194 1120
1193 1119
1192 1118
1191 1117
1190 1116
1189 1115
1188 1114
1187 1113
1186 1112
1185 1111
1184 1110
1183 1109
1182 1108
1181 1107
1180 1106
1179 1105
1178 1104
1177 1103
1176 1102
1175 1101
1174 1100
1173 1099
1172 1098
1171 1097
1170 1096
1169 1095
1168 1094
1167 1093
1166 1092
1165 1091
1164 1090
1163 1089
1162 1088
1161 1087
1160 1086
1159 1085
1158 1084
1157 1083
1156 1082
1155 1081
1154 1080
1153 1079
1152 1078
1151 1077
1150 1076
1149 1075
1148 1074
1147 1073
1146 1072
1145 1071
1144 1070
1143 1069
1142 1068
1141 1067
1140 1066
1139 1065
1138 1064
1137 1063
1136 1062
1135 1061
1134 1060
1133 1059
1132 1058
1131 1057
1130 1056
1129 1055
1128 1054
1127 1053
1126 1052
1125 1051
1124 1050
1123 1049
1122 1048
1121 1047
1120 1046
1119 1045
1118 1044
1117 1043
1116 1042
1115 1041
1114 1040
1113 1039
1112 1038
1111 1037
1110 1036
1109 1035
1108 1034
1107 1033
1106 1032
1105 1031
1104 1030
1103 1029
1102 1028
1101 1027
1100 1026
1099 1025
1098 1024
1097 1023
1096 1022
1095 1021
1094 1020
1093 1019
1092 1018
1091 1017
1090 1016
1089 1015
1088 1014
1087 1013
1086 1012
1085 1011
1084 1010
1083 1009
1082 1008
1081 1007
1080 1006
1079 1005
1078 1004
1077 1003
1076 1002
1075 1001
1074 1000
1073 999
1072 998
1071 997
1070 996
1069 995
1068 994
1067 993
1066 992
1065 991
1064 990
1063 989
1062 988
1061 987
1060 986
1059 985
1058 984
1057 983
1056 982
1055 981
1054 980
1053 979
1052 978
1051 977
1050 976
1049 975
1048 974
1047 973
1046 972
1045 971
1044 970
1043 969
1042 968
1041 967
1040 966
1039 965
1038 964
1037 963
1036 962
1035 961
1034 960
1033 959
1032 958
1031 957
1030 956
1029 955
1028 954
1027 953
1026 952
1025 951
1024 950
1023 949
1022 948
1021 947
1020 946
1019 945
1018 944
1017 943
1016 942
1015 941
1014 940
1013 939
1012 938
1011 937
1010 936
1009 935
1008 934
1007 933
1006 932
1005 931
1004 930
1003 929
1002 928
1001 927
1000 926
999 925
998 924
997 923
996 922
995 921
994 920
993 919
992 918
991 917
990 916
989 915
988 914
987 913
986 912
985 911
984 910
983 909
982 908
981 907
980 906
979 905
978 904
977 903
976 902
975 901
974 900
973 899
972 898
971 897
970 896
969 895
968 894
967 893
966 892
965 891
964 890
963 889
962 888
961 887
960 886
959 885
958 884
957 883
956 882
955 881
954 880
953 879
952 878
951 877
950 876
949 875
948 874
947 873
946 872
945 871
944 870
943 869
942 868
941 867
940 866
939 865
938 864
937 863
936 862
935 861
934 860
933 859
932 858
931 857
930 856
929 855
928 854
927 853
926 852
925 851
924 850
923 849
922 848
921 847
920 846
919 845
918 844
917 843
916 842
915 841
914 840
913 839
912 838
911 837
910 836
909 835
908 834
907 833
906 832
905 831
904 830
903 829
902 828
901 827
900 826
899 825
898 824
897 823
896 822
895 821
894 820
893 819
892 818
891 817
890 816
889 815
888 814
887 813
886 812
885 811
884 810
883 809
882 808
881 807
880 806
879 805
878 804
877 803
876 802
875 801
874 800
873 799
872 798
871 797
870 796
869 795
868 794
867 793
866 792
865 791
864 790
863 789
862 788
861 787
860 786
859 785
858 784
857 783
856 782
855 781
854 780
853 779
852 778
851 777
850 776
849 775
848 774
847 773
846 772
845 771
844 770
843 769
842 768
841 767
840 766
839 765
838 764
837 763
836 762
835 761
834 760
833 759
832 758
831 757
830 756
829 755
828 754
827 753
826 752
825 751
824 750
823 749
822 748
821 747
820 746
819 745
818 744
817 743
816 742
815 741
814 740
813 739
812 738
811 737
810 736
809 735
808 734
807 733
806 732
805 731
804 730
803 729
802 728
801 727
800 726
799 725
798 724
797 723
796 722
795 721
794 720
793 719
792 718
791 717
790 716
789 715
788 714
787 713
786 712
785 711
784 710
783 709
782 708
781 707
780 706
779 705
778 704
777 703
776 702
775 701
774 700
773 699
772 698
771 697
770 696
769 695
768 694
767 693
766 692
765 691
764 690
763 689
762 688
761 687
760 686
759 685
758 684
757 683
756 682
755 681
754 680
753 679
752 678
751 677
750 676
749 675
748 674
747 673
746 672
745 671
744 670
743 669
742 668
741 667
740 666
739 665
738 664
737 663
736 662
735 661
734 660
733 659
732 658
731 657
730 656
729 655
728 654
727 653
726 652
725 651
724 650
723 649
722 648
721 647
720 646
719 645
718 644
717 643
716 642
715 641
714 640
713 639
712 638
711 637
710 636
709 635
708 634
707 633
706 632
705 631
704 630
703 629
702 628
701 627
700 626
699 625
698 624
697 623
696 622
695 621
694 620
693 619
692 618
691 617
690 616
689 615
688 614
687 613
686 612
685 611
684 610
683 609
682 608
681 607
680 606
679 605
678 604
677 603
676 602
675 601
674 600
673 599
672 598
671 597
670 596
669 595
668 594
667 593
666 592
665 591
664 590
663 589
662 588
661 587
660 586
659 585
658 584
657 583
656 582
655 581
654 580
653 579
652 578
651 577
650 576
649 575
648 574
647 573
646 572
645 571
644 570
643 569
642 568
641 567
640 566
639 565
638 564
637 563
636 562
635 561
634 560
633 559
632 558
631 557
630 556
629 555
628 554
627 553
626 552
625 551
624 550
623 549
622 548
621 547
620 546
619 545
618 544
617 543
616 542
615 541
614 540
613 539
612 538
611 537
610 536
609 535
608 534
607 533
606 532
605 531
604 530
603 529
602 528
601 527
600 526
599 525
598 524
597 523
596 522
595 521
594 520
593 519
592 518
591 517
590 516
589 515
588 514
587 513
586 512
585 511
584 510
583 509
582 508
581 507
580 506
579 505
578 504
577 503
576 502
575 501
574 500
573 499
572 498
571 497
570 496
569 495
568 494
567 493
566 492
565 491
564 490
563 489
562 488
561 487
560 486
559 485
558 484
557 483
556 482
555 481
554 480
553 479
552 478
551 477
550 476
549 475
548 474
547 473
546 472
545 471
544 470
543 469
542 468
541 467
540 466
539 465
538 464
537 463
536 462
535 461
534 460
533 459
532 458
531 457
530 456
529 455
528 454
527 453
526 452
525 451
524 450
523 449
522 448
521 447
520 446
519 445
518 444
517 443
516 442
515 441
514 440
513 439
512 438
511 437
510 436
509 435
508 434
507 433
506 432
505 431
504 430
503 429
502 428
501 427
500 426
499 425
498 424
497 423
496 422
495 421
494 420
493 419
492 418
491 417
490 416
489 415
488 414
487 413
486 412
485 411
484 410
483 409
482 408
481 407
480 406
479 405
478 404
477 403
476 402
475 401
474 400
473 399
472 398
471 397
470 396
469 395
468 394
467 393
466 392
465 391
464 390
463 389
462 388
461 387
460 386
459 385
458 384
457 383
456 382
455 381
454 380
453 379
452 378
451 377
450 376
449 375
448 374
447 373
446 372
445 371
444 370
443 369
442 368
441 367
440 366
439 365
438 364
437 363
436 362
435 361
434 360
433 359
432 358
431 357
430 356
429 355
428 354
427 353
426 352
425 351
424 350
423 349
422 348
421 347
420 346
419 345
418 344
417 343
416 342
415 341
414 340
413 339
412 338
411 337
410 336
409 335
408 334
407 333
406 332
405 331
404 330
403 329
402 328
401 327
400 326
399 325
398 324
397 323
396 322
395 321
394 320
393 319
392 318
391 317
390 316
389 315
388 314
387 313
386 312
385 311
384 310
383 309
382 308
381 307
380 306
379 305
378 304
377 303
376 302
375 301
374 300
373 299
372 298
371 297
370 296
369 295
368 294
367 293
366 292
365 291
364 290
363 289
362 288
361 287
360 286
359 285
358 284
357 283
356 282
355 281
354 280
353 279
352 278
351 277
350 276
349 275
348 274
347 273
346 272
345 271
344 270
343 269
342 268
341 267
340 266
339 265
338 264
337 263
336 262
335 261
334 260
333 259
332 258
331 257
330 256
329 255
328 254
327 253
326 252
325 251
324 250
323 249
322 248
321 247
320 246
319 245
318 244
317 243
316 242
315 241
314 240
313 239
312 238
311 237
310 236
309 235
308 234
307 233
306 232
305 231
304 230
303 229
302 228
301 227
300 226
299 225
298 224
297 223
296 222
295 221
294 220
293 219
292 218
291 217
290 216
289 215
288 214
287 213
286 212
285 211
284 210
283 209
282 208
281 207
280 206
279 205
278 204
277 203
276 202
275 201
274 200
273 199
272 198
271 197
270 196
269 195
268 194
267 193
266 192
265 191
264 190
263 189
262 188
261 187
260 186
259 185
258 184
257 183
256 182
255 181
254 180
253 179
252 178
251 177
250 176
249 175
248 174
247 173
246 172
245 171
244 170
243 169
242 168
241 167
240 166
239 165
238 164
237 163
236 162
235 161
234 160
233 159
232 158
231 157
230 156
229 155
228 154
227 153
226 152
225 151
224 150
223 149
222 148
221 147
220 146
219 145
218 144
217 143
216 142
215 141
214 140
213 139
212 138
211 137
210 136
209 135
208 134
207 133
206 132
205 131
204 130
203 129
202 128
201 127
200 126
199 125
198 124
197 123
196 122
195 121
194 120
193 119
192 118
191 117
190 116
189 115
188 114
187 113
186 112
185 111
184 110
183 109
182 108
181 107
180 106
179 105
178 104
177 103
176 102
175 101
174 100
173 99
172 98
171 97
170 96
169 95
168 94
167 93
166 92
165 91
164 90
163 89
162 88
161 87
160 86
159 85
158 84
157 83
156 82
155 81
154 80
153 79
152 78
151 77
150 76
149 75
148 74
147 73
146 72
145 71
144 70
143 69
142 68
141 67
140 66
139 65
138 64
137 63
136 62
135 61
134 60
133 59
132 58
131 57
130 56
129 55
128 54
127 53
126 52
125 51
124 50
123 49
122 48
121 47
120 46
119 45
118 44
117 43
116 42
115 41
114 40
113 39
112 38
111 37
110 36
109 35
108 34
107 33
106 32
105 31
104 30
103 29
102 28
101 27
100 26
99 25
98 24
97 23
96 22
95 21
94 20
93 19
92 18
91 17
90 16
89 15
88 14
87 13
86 12
85 11
84 10
83 9
82 8
81 7
80 6
79 5
78 4
77 3
76 2
75 1
74 1
73 1
72 2
71 3
70 4
69 5
68 6
67 7
66 8
65 9
64 10
63 11
62 12
61 13
60 14
59 15
58 16
57 17
56 18
55 19
54 20
53 21
52 22
51 23
50 24
49 25
48 26
47 27
46 28
45 29
44 30
43 31
42 32
41 33
40 34
39 35
38 36
37 37
36 38
35 39
34 40
33 41
32 42
31 43
30 44
29 45
28 46
27 47
26 48
25 49
24 50
23 51
22 52
21 53
20 54
19 55
18 56
17 57
16 58
15 59
14 60
13 61
12 62
11 63
10 64
9 65
8 66
7 67
6 68
5 69
4 70
3 71
2 72
1 73
